Point	Grid		
30	32		
1386.213810	38.039585		
1398.601545	38.039585		
1413.242481	38.039585		
1425.490973	38.039585		
1440.525572	38.039585		
1452.714981	38.039585		
1467.380962	38.039585		
1479.673428	38.039585		
1494.644320	38.039585		
1506.962744	38.039585		
1521.679936	38.039585		
1533.805968	38.039585		
1548.752182	38.039585		
1560.940072	38.039585		
1575.626240	38.039585		
1587.917423	38.039585		
1602.806123	38.039585		
1615.057336	38.039585		
1629.667019	38.039585		
1641.958105	38.039585		
1656.702249	38.039585		
1669.304020	38.039585		
1683.706888	38.039585		
1696.414557	38.039585		
1710.705633	38.039585		
1723.526035	38.039585		
1738.204156	38.039585		
1750.721805	38.039585		
1765.035533	38.039585		
1777.598187	38.039585		
1791.883851	38.039585		
1804.468361	38.039585		
1386.213810	51.965734		
1398.601545	51.965734		
1413.242481	51.965734		
1425.490973	51.965734		
1440.525572	51.965734		
1452.714981	51.965734		
1467.380962	51.965734		
1479.673428	51.965734		
1494.644320	51.965734		
1506.962744	51.965734		
1521.679936	51.965734		
1533.805968	51.965734		
1548.752182	51.965734		
1560.940072	51.965734		
1575.626240	51.965734		
1587.917423	51.965734		
1602.806123	51.965734		
1615.057336	51.965734		
1629.667019	51.965734		
1641.958105	51.965734		
1656.702249	51.965734		
1669.304020	51.965734		
1683.706888	51.965734		
1696.414557	51.965734		
1710.705633	51.965734		
1723.526035	51.965734		
1738.204156	51.965734		
1750.721805	51.965734		
1765.035533	51.965734		
1777.598187	51.965734		
1791.883851	51.965734		
1804.468361	51.965734		
1386.213810	65.921693		
1398.601545	65.921693		
1413.242481	65.921693		
1425.490973	65.921693		
1440.525572	65.921693		
1452.714981	65.921693		
1467.380962	65.921693		
1479.673428	65.921693		
1494.644320	65.921693		
1506.962744	65.921693		
1521.679936	65.921693		
1533.805968	65.921693		
1548.752182	65.921693		
1560.940072	65.921693		
1575.626240	65.921693		
1587.917423	65.921693		
1602.806123	65.921693		
1615.057336	65.921693		
1629.667019	65.921693		
1641.958105	65.921693		
1656.702249	65.921693		
1669.304020	65.921693		
1683.706888	65.921693		
1696.414557	65.921693		
1710.705633	65.921693		
1723.526035	65.921693		
1738.204156	65.921693		
1750.721805	65.921693		
1765.035533	65.921693		
1777.598187	65.921693		
1791.883851	65.921693		
1804.468361	65.921693		
1386.213810	79.740296		
1398.601545	79.740296		
1413.242481	79.740296		
1425.490973	79.740296		
1440.525572	79.740296		
1452.714981	79.740296		
1467.380962	79.740296		
1479.673428	79.740296		
1494.644320	79.740296		
1506.962744	79.740296		
1521.679936	79.740296		
1533.805968	79.740296		
1548.752182	79.740296		
1560.940072	79.740296		
1575.626240	79.740296		
1587.917423	79.740296		
1602.806123	79.740296		
1615.057336	79.740296		
1629.667019	79.740296		
1641.958105	79.740296		
1656.702249	79.740296		
1669.304020	79.740296		
1683.706888	79.740296		
1696.414557	79.740296		
1710.705633	79.740296		
1723.526035	79.740296		
1738.204156	79.740296		
1750.721805	79.740296		
1765.035533	79.740296		
1777.598187	79.740296		
1791.883851	79.740296		
1804.468361	79.740296		
1386.213810	93.682401		
1398.601545	93.682401		
1413.242481	93.682401		
1425.490973	93.682401		
1440.525572	93.682401		
1452.714981	93.682401		
1467.380962	93.682401		
1479.673428	93.682401		
1494.644320	93.682401		
1506.962744	93.682401		
1521.679936	93.682401		
1533.805968	93.682401		
1548.752182	93.682401		
1560.940072	93.682401		
1575.626240	93.682401		
1587.917423	93.682401		
1602.806123	93.682401		
1615.057336	93.682401		
1629.667019	93.682401		
1641.958105	93.682401		
1656.702249	93.682401		
1669.304020	93.682401		
1683.706888	93.682401		
1696.414557	93.682401		
1710.705633	93.682401		
1723.526035	93.682401		
1738.204156	93.682401		
1750.721805	93.682401		
1765.035533	93.682401		
1777.598187	93.682401		
1791.883851	93.682401		
1804.468361	93.682401		
1386.213810	107.992940		
1398.601545	107.992940		
1413.242481	107.992940		
1425.490973	107.992940		
1440.525572	107.992940		
1452.714981	107.992940		
1467.380962	107.992940		
1479.673428	107.992940		
1494.644320	107.992940		
1506.962744	107.992940		
1521.679936	107.992940		
1533.805968	107.992940		
1548.752182	107.992940		
1560.940072	107.992940		
1575.626240	107.992940		
1587.917423	107.992940		
1602.806123	107.992940		
1615.057336	107.992940		
1629.667019	107.992940		
1641.958105	107.992940		
1656.702249	107.992940		
1669.304020	107.992940		
1683.706888	107.992940		
1696.414557	107.992940		
1710.705633	107.992940		
1723.526035	107.992940		
1738.204156	107.992940		
1750.721805	107.992940		
1765.035533	107.992940		
1777.598187	107.992940		
1791.883851	107.992940		
1804.468361	107.992940		
1386.213810	121.933425		
1398.601545	121.933425		
1413.242481	121.933425		
1425.490973	121.933425		
1440.525572	121.933425		
1452.714981	121.933425		
1467.380962	121.933425		
1479.673428	121.933425		
1494.644320	121.933425		
1506.962744	121.933425		
1521.679936	121.933425		
1533.805968	121.933425		
1548.752182	121.933425		
1560.940072	121.933425		
1575.626240	121.933425		
1587.917423	121.933425		
1602.806123	121.933425		
1615.057336	121.933425		
1629.667019	121.933425		
1641.958105	121.933425		
1656.702249	121.933425		
1669.304020	121.933425		
1683.706888	121.933425		
1696.414557	121.933425		
1710.705633	121.933425		
1723.526035	121.933425		
1738.204156	121.933425		
1750.721805	121.933425		
1765.035533	121.933425		
1777.598187	121.933425		
1791.883851	121.933425		
1804.468361	121.933425		
1386.213810	135.967558		
1398.601545	135.967558		
1413.242481	135.967558		
1425.490973	135.967558		
1440.525572	135.967558		
1452.714981	135.967558		
1467.380962	135.967558		
1479.673428	135.967558		
1494.644320	135.967558		
1506.962744	135.967558		
1521.679936	135.967558		
1533.805968	135.967558		
1548.752182	135.967558		
1560.940072	135.967558		
1575.626240	135.967558		
1587.917423	135.967558		
1602.806123	135.967558		
1615.057336	135.967558		
1629.667019	135.967558		
1641.958105	135.967558		
1656.702249	135.967558		
1669.304020	135.967558		
1683.706888	135.967558		
1696.414557	135.967558		
1710.705633	135.967558		
1723.526035	135.967558		
1738.204156	135.967558		
1750.721805	135.967558		
1765.035533	135.967558		
1777.598187	135.967558		
1791.883851	135.967558		
1804.468361	135.967558		
1386.213810	150.067782		
1398.601545	150.067782		
1413.242481	150.067782		
1425.490973	150.067782		
1440.525572	150.067782		
1452.714981	150.067782		
1467.380962	150.067782		
1479.673428	150.067782		
1494.644320	150.067782		
1506.962744	150.067782		
1521.679936	150.067782		
1533.805968	150.067782		
1548.752182	150.067782		
1560.940072	150.067782		
1575.626240	150.067782		
1587.917423	150.067782		
1602.806123	150.067782		
1615.057336	150.067782		
1629.667019	150.067782		
1641.958105	150.067782		
1656.702249	150.067782		
1669.304020	150.067782		
1683.706888	150.067782		
1696.414557	150.067782		
1710.705633	150.067782		
1723.526035	150.067782		
1738.204156	150.067782		
1750.721805	150.067782		
1765.035533	150.067782		
1777.598187	150.067782		
1791.883851	150.067782		
1804.468361	150.067782		
1386.213810	164.102950		
1398.601545	164.102950		
1413.242481	164.102950		
1425.490973	164.102950		
1440.525572	164.102950		
1452.714981	164.102950		
1467.380962	164.102950		
1479.673428	164.102950		
1494.644320	164.102950		
1506.962744	164.102950		
1521.679936	164.102950		
1533.805968	164.102950		
1548.752182	164.102950		
1560.940072	164.102950		
1575.626240	164.102950		
1587.917423	164.102950		
1602.806123	164.102950		
1615.057336	164.102950		
1629.667019	164.102950		
1641.958105	164.102950		
1656.702249	164.102950		
1669.304020	164.102950		
1683.706888	164.102950		
1696.414557	164.102950		
1710.705633	164.102950		
1723.526035	164.102950		
1738.204156	164.102950		
1750.721805	164.102950		
1765.035533	164.102950		
1777.598187	164.102950		
1791.883851	164.102950		
1804.468361	164.102950		
1386.213810	178.215879		
1398.601545	178.215879		
1413.242481	178.215879		
1425.490973	178.215879		
1440.525572	178.215879		
1452.714981	178.215879		
1467.380962	178.215879		
1479.673428	178.215879		
1494.644320	178.215879		
1506.962744	178.215879		
1521.679936	178.215879		
1533.805968	178.215879		
1548.752182	178.215879		
1560.940072	178.215879		
1575.626240	178.215879		
1587.917423	178.215879		
1602.806123	178.215879		
1615.057336	178.215879		
1629.667019	178.215879		
1641.958105	178.215879		
1656.702249	178.215879		
1669.304020	178.215879		
1683.706888	178.215879		
1696.414557	178.215879		
1710.705633	178.215879		
1723.526035	178.215879		
1738.204156	178.215879		
1750.721805	178.215879		
1765.035533	178.215879		
1777.598187	178.215879		
1791.883851	178.215879		
1804.468361	178.215879		
1386.213810	192.123038		
1398.601545	192.123038		
1413.242481	192.123038		
1425.490973	192.123038		
1440.525572	192.123038		
1452.714981	192.123038		
1467.380962	192.123038		
1479.673428	192.123038		
1494.644320	192.123038		
1506.962744	192.123038		
1521.679936	192.123038		
1533.805968	192.123038		
1548.752182	192.123038		
1560.940072	192.123038		
1575.626240	192.123038		
1587.917423	192.123038		
1602.806123	192.123038		
1615.057336	192.123038		
1629.667019	192.123038		
1641.958105	192.123038		
1656.702249	192.123038		
1669.304020	192.123038		
1683.706888	192.123038		
1696.414557	192.123038		
1710.705633	192.123038		
1723.526035	192.123038		
1738.204156	192.123038		
1750.721805	192.123038		
1765.035533	192.123038		
1777.598187	192.123038		
1791.883851	192.123038		
1804.468361	192.123038		
1386.213810	206.275502		
1398.601545	206.275502		
1413.242481	206.275502		
1425.490973	206.275502		
1440.525572	206.275502		
1452.714981	206.275502		
1467.380962	206.275502		
1479.673428	206.275502		
1494.644320	206.275502		
1506.962744	206.275502		
1521.679936	206.275502		
1533.805968	206.275502		
1548.752182	206.275502		
1560.940072	206.275502		
1575.626240	206.275502		
1587.917423	206.275502		
1602.806123	206.275502		
1615.057336	206.275502		
1629.667019	206.275502		
1641.958105	206.275502		
1656.702249	206.275502		
1669.304020	206.275502		
1683.706888	206.275502		
1696.414557	206.275502		
1710.705633	206.275502		
1723.526035	206.275502		
1738.204156	206.275502		
1750.721805	206.275502		
1765.035533	206.275502		
1777.598187	206.275502		
1791.883851	206.275502		
1804.468361	206.275502		
1386.213810	220.321385		
1398.601545	220.321385		
1413.242481	220.321385		
1425.490973	220.321385		
1440.525572	220.321385		
1452.714981	220.321385		
1467.380962	220.321385		
1479.673428	220.321385		
1494.644320	220.321385		
1506.962744	220.321385		
1521.679936	220.321385		
1533.805968	220.321385		
1548.752182	220.321385		
1560.940072	220.321385		
1575.626240	220.321385		
1587.917423	220.321385		
1602.806123	220.321385		
1615.057336	220.321385		
1629.667019	220.321385		
1641.958105	220.321385		
1656.702249	220.321385		
1669.304020	220.321385		
1683.706888	220.321385		
1696.414557	220.321385		
1710.705633	220.321385		
1723.526035	220.321385		
1738.204156	220.321385		
1750.721805	220.321385		
1765.035533	220.321385		
1777.598187	220.321385		
1791.883851	220.321385		
1804.468361	220.321385		
1386.213810	231.885856		
1398.601545	231.885856		
1413.242481	231.885856		
1425.490973	231.885856		
1440.525572	231.885856		
1452.714981	231.885856		
1467.380962	231.885856		
1479.673428	231.885856		
1494.644320	231.885856		
1506.962744	231.885856		
1521.679936	231.885856		
1533.805968	231.885856		
1548.752182	231.885856		
1560.940072	231.885856		
1575.626240	231.885856		
1587.917423	231.885856		
1602.806123	231.885856		
1615.057336	231.885856		
1629.667019	231.885856		
1641.958105	231.885856		
1656.702249	231.885856		
1669.304020	231.885856		
1683.706888	231.885856		
1696.414557	231.885856		
1710.705633	231.885856		
1723.526035	231.885856		
1738.204156	231.885856		
1750.721805	231.885856		
1765.035533	231.885856		
1777.598187	231.885856		
1791.883851	231.885856		
1804.468361	231.885856		
1386.213810	245.872810		
1398.601545	245.872810		
1413.242481	245.872810		
1425.490973	245.872810		
1440.525572	245.872810		
1452.714981	245.872810		
1467.380962	245.872810		
1479.673428	245.872810		
1494.644320	245.872810		
1506.962744	245.872810		
1521.679936	245.872810		
1533.805968	245.872810		
1548.752182	245.872810		
1560.940072	245.872810		
1575.626240	245.872810		
1587.917423	245.872810		
1602.806123	245.872810		
1615.057336	245.872810		
1629.667019	245.872810		
1641.958105	245.872810		
1656.702249	245.872810		
1669.304020	245.872810		
1683.706888	245.872810		
1696.414557	245.872810		
1710.705633	245.872810		
1723.526035	245.872810		
1738.204156	245.872810		
1750.721805	245.872810		
1765.035533	245.872810		
1777.598187	245.872810		
1791.883851	245.872810		
1804.468361	245.872810		
1386.213810	259.718911		
1398.601545	259.718911		
1413.242481	259.718911		
1425.490973	259.718911		
1440.525572	259.718911		
1452.714981	259.718911		
1467.380962	259.718911		
1479.673428	259.718911		
1494.644320	259.718911		
1506.962744	259.718911		
1521.679936	259.718911		
1533.805968	259.718911		
1548.752182	259.718911		
1560.940072	259.718911		
1575.626240	259.718911		
1587.917423	259.718911		
1602.806123	259.718911		
1615.057336	259.718911		
1629.667019	259.718911		
1641.958105	259.718911		
1656.702249	259.718911		
1669.304020	259.718911		
1683.706888	259.718911		
1696.414557	259.718911		
1710.705633	259.718911		
1723.526035	259.718911		
1738.204156	259.718911		
1750.721805	259.718911		
1765.035533	259.718911		
1777.598187	259.718911		
1791.883851	259.718911		
1804.468361	259.718911		
1386.213810	273.456263		
1398.601545	273.456263		
1413.242481	273.456263		
1425.490973	273.456263		
1440.525572	273.456263		
1452.714981	273.456263		
1467.380962	273.456263		
1479.673428	273.456263		
1494.644320	273.456263		
1506.962744	273.456263		
1521.679936	273.456263		
1533.805968	273.456263		
1548.752182	273.456263		
1560.940072	273.456263		
1575.626240	273.456263		
1587.917423	273.456263		
1602.806123	273.456263		
1615.057336	273.456263		
1629.667019	273.456263		
1641.958105	273.456263		
1656.702249	273.456263		
1669.304020	273.456263		
1683.706888	273.456263		
1696.414557	273.456263		
1710.705633	273.456263		
1723.526035	273.456263		
1738.204156	273.456263		
1750.721805	273.456263		
1765.035533	273.456263		
1777.598187	273.456263		
1791.883851	273.456263		
1804.468361	273.456263		
1386.213810	287.264005		
1398.601545	287.264005		
1413.242481	287.264005		
1425.490973	287.264005		
1440.525572	287.264005		
1452.714981	287.264005		
1467.380962	287.264005		
1479.673428	287.264005		
1494.644320	287.264005		
1506.962744	287.264005		
1521.679936	287.264005		
1533.805968	287.264005		
1548.752182	287.264005		
1560.940072	287.264005		
1575.626240	287.264005		
1587.917423	287.264005		
1602.806123	287.264005		
1615.057336	287.264005		
1629.667019	287.264005		
1641.958105	287.264005		
1656.702249	287.264005		
1669.304020	287.264005		
1683.706888	287.264005		
1696.414557	287.264005		
1710.705633	287.264005		
1723.526035	287.264005		
1738.204156	287.264005		
1750.721805	287.264005		
1765.035533	287.264005		
1777.598187	287.264005		
1791.883851	287.264005		
1804.468361	287.264005		
1386.213810	301.325908		
1398.601545	301.325908		
1413.242481	301.325908		
1425.490973	301.325908		
1440.525572	301.325908		
1452.714981	301.325908		
1467.380962	301.325908		
1479.673428	301.325908		
1494.644320	301.325908		
1506.962744	301.325908		
1521.679936	301.325908		
1533.805968	301.325908		
1548.752182	301.325908		
1560.940072	301.325908		
1575.626240	301.325908		
1587.917423	301.325908		
1602.806123	301.325908		
1615.057336	301.325908		
1629.667019	301.325908		
1641.958105	301.325908		
1656.702249	301.325908		
1669.304020	301.325908		
1683.706888	301.325908		
1696.414557	301.325908		
1710.705633	301.325908		
1723.526035	301.325908		
1738.204156	301.325908		
1750.721805	301.325908		
1765.035533	301.325908		
1777.598187	301.325908		
1791.883851	301.325908		
1804.468361	301.325908		
1386.213810	315.233632		
1398.601545	315.233632		
1413.242481	315.233632		
1425.490973	315.233632		
1440.525572	315.233632		
1452.714981	315.233632		
1467.380962	315.233632		
1479.673428	315.233632		
1494.644320	315.233632		
1506.962744	315.233632		
1521.679936	315.233632		
1533.805968	315.233632		
1548.752182	315.233632		
1560.940072	315.233632		
1575.626240	315.233632		
1587.917423	315.233632		
1602.806123	315.233632		
1615.057336	315.233632		
1629.667019	315.233632		
1641.958105	315.233632		
1656.702249	315.233632		
1669.304020	315.233632		
1683.706888	315.233632		
1696.414557	315.233632		
1710.705633	315.233632		
1723.526035	315.233632		
1738.204156	315.233632		
1750.721805	315.233632		
1765.035533	315.233632		
1777.598187	315.233632		
1791.883851	315.233632		
1804.468361	315.233632		
1386.213810	329.088779		
1398.601545	329.088779		
1413.242481	329.088779		
1425.490973	329.088779		
1440.525572	329.088779		
1452.714981	329.088779		
1467.380962	329.088779		
1479.673428	329.088779		
1494.644320	329.088779		
1506.962744	329.088779		
1521.679936	329.088779		
1533.805968	329.088779		
1548.752182	329.088779		
1560.940072	329.088779		
1575.626240	329.088779		
1587.917423	329.088779		
1602.806123	329.088779		
1615.057336	329.088779		
1629.667019	329.088779		
1641.958105	329.088779		
1656.702249	329.088779		
1669.304020	329.088779		
1683.706888	329.088779		
1696.414557	329.088779		
1710.705633	329.088779		
1723.526035	329.088779		
1738.204156	329.088779		
1750.721805	329.088779		
1765.035533	329.088779		
1777.598187	329.088779		
1791.883851	329.088779		
1804.468361	329.088779		
1386.213810	343.135865		
1398.601545	343.135865		
1413.242481	343.135865		
1425.490973	343.135865		
1440.525572	343.135865		
1452.714981	343.135865		
1467.380962	343.135865		
1479.673428	343.135865		
1494.644320	343.135865		
1506.962744	343.135865		
1521.679936	343.135865		
1533.805968	343.135865		
1548.752182	343.135865		
1560.940072	343.135865		
1575.626240	343.135865		
1587.917423	343.135865		
1602.806123	343.135865		
1615.057336	343.135865		
1629.667019	343.135865		
1641.958105	343.135865		
1656.702249	343.135865		
1669.304020	343.135865		
1683.706888	343.135865		
1696.414557	343.135865		
1710.705633	343.135865		
1723.526035	343.135865		
1738.204156	343.135865		
1750.721805	343.135865		
1765.035533	343.135865		
1777.598187	343.135865		
1791.883851	343.135865		
1804.468361	343.135865		
1386.213810	356.995342		
1398.601545	356.995342		
1413.242481	356.995342		
1425.490973	356.995342		
1440.525572	356.995342		
1452.714981	356.995342		
1467.380962	356.995342		
1479.673428	356.995342		
1494.644320	356.995342		
1506.962744	356.995342		
1521.679936	356.995342		
1533.805968	356.995342		
1548.752182	356.995342		
1560.940072	356.995342		
1575.626240	356.995342		
1587.917423	356.995342		
1602.806123	356.995342		
1615.057336	356.995342		
1629.667019	356.995342		
1641.958105	356.995342		
1656.702249	356.995342		
1669.304020	356.995342		
1683.706888	356.995342		
1696.414557	356.995342		
1710.705633	356.995342		
1723.526035	356.995342		
1738.204156	356.995342		
1750.721805	356.995342		
1765.035533	356.995342		
1777.598187	356.995342		
1791.883851	356.995342		
1804.468361	356.995342		
1386.213810	370.920561		
1398.601545	370.920561		
1413.242481	370.920561		
1425.490973	370.920561		
1440.525572	370.920561		
1452.714981	370.920561		
1467.380962	370.920561		
1479.673428	370.920561		
1494.644320	370.920561		
1506.962744	370.920561		
1521.679936	370.920561		
1533.805968	370.920561		
1548.752182	370.920561		
1560.940072	370.920561		
1575.626240	370.920561		
1587.917423	370.920561		
1602.806123	370.920561		
1615.057336	370.920561		
1629.667019	370.920561		
1641.958105	370.920561		
1656.702249	370.920561		
1669.304020	370.920561		
1683.706888	370.920561		
1696.414557	370.920561		
1710.705633	370.920561		
1723.526035	370.920561		
1738.204156	370.920561		
1750.721805	370.920561		
1765.035533	370.920561		
1777.598187	370.920561		
1791.883851	370.920561		
1804.468361	370.920561		
1386.213810	384.533789		
1398.601545	384.533789		
1413.242481	384.533789		
1425.490973	384.533789		
1440.525572	384.533789		
1452.714981	384.533789		
1467.380962	384.533789		
1479.673428	384.533789		
1494.644320	384.533789		
1506.962744	384.533789		
1521.679936	384.533789		
1533.805968	384.533789		
1548.752182	384.533789		
1560.940072	384.533789		
1575.626240	384.533789		
1587.917423	384.533789		
1602.806123	384.533789		
1615.057336	384.533789		
1629.667019	384.533789		
1641.958105	384.533789		
1656.702249	384.533789		
1669.304020	384.533789		
1683.706888	384.533789		
1696.414557	384.533789		
1710.705633	384.533789		
1723.526035	384.533789		
1738.204156	384.533789		
1750.721805	384.533789		
1765.035533	384.533789		
1777.598187	384.533789		
1791.883851	384.533789		
1804.468361	384.533789		
1386.213810	398.728715		
1398.601545	398.728715		
1413.242481	398.728715		
1425.490973	398.728715		
1440.525572	398.728715		
1452.714981	398.728715		
1467.380962	398.728715		
1479.673428	398.728715		
1494.644320	398.728715		
1506.962744	398.728715		
1521.679936	398.728715		
1533.805968	398.728715		
1548.752182	398.728715		
1560.940072	398.728715		
1575.626240	398.728715		
1587.917423	398.728715		
1602.806123	398.728715		
1615.057336	398.728715		
1629.667019	398.728715		
1641.958105	398.728715		
1656.702249	398.728715		
1669.304020	398.728715		
1683.706888	398.728715		
1696.414557	398.728715		
1710.705633	398.728715		
1723.526035	398.728715		
1738.204156	398.728715		
1750.721805	398.728715		
1765.035533	398.728715		
1777.598187	398.728715		
1791.883851	398.728715		
1804.468361	398.728715		
1386.213810	412.481809		
1398.601545	412.481809		
1413.242481	412.481809		
1425.490973	412.481809		
1440.525572	412.481809		
1452.714981	412.481809		
1467.380962	412.481809		
1479.673428	412.481809		
1494.644320	412.481809		
1506.962744	412.481809		
1521.679936	412.481809		
1533.805968	412.481809		
1548.752182	412.481809		
1560.940072	412.481809		
1575.626240	412.481809		
1587.917423	412.481809		
1602.806123	412.481809		
1615.057336	412.481809		
1629.667019	412.481809		
1641.958105	412.481809		
1656.702249	412.481809		
1669.304020	412.481809		
1683.706888	412.481809		
1696.414557	412.481809		
1710.705633	412.481809		
1723.526035	412.481809		
1738.204156	412.481809		
1750.721805	412.481809		
1765.035533	412.481809		
1777.598187	412.481809		
1791.883851	412.481809		
1804.468361	412.481809		
1386.213810	426.379291		
1398.601545	426.379291		
1413.242481	426.379291		
1425.490973	426.379291		
1440.525572	426.379291		
1452.714981	426.379291		
1467.380962	426.379291		
1479.673428	426.379291		
1494.644320	426.379291		
1506.962744	426.379291		
1521.679936	426.379291		
1533.805968	426.379291		
1548.752182	426.379291		
1560.940072	426.379291		
1575.626240	426.379291		
1587.917423	426.379291		
1602.806123	426.379291		
1615.057336	426.379291		
1629.667019	426.379291		
1641.958105	426.379291		
1656.702249	426.379291		
1669.304020	426.379291		
1683.706888	426.379291		
1696.414557	426.379291		
1710.705633	426.379291		
1723.526035	426.379291		
1738.204156	426.379291		
1750.721805	426.379291		
1765.035533	426.379291		
1777.598187	426.379291		
1791.883851	426.379291		
1804.468361	426.379291		
1386.213810	440.384903		
1398.601545	440.384903		
1413.242481	440.384903		
1425.490973	440.384903		
1440.525572	440.384903		
1452.714981	440.384903		
1467.380962	440.384903		
1479.673428	440.384903		
1494.644320	440.384903		
1506.962744	440.384903		
1521.679936	440.384903		
1533.805968	440.384903		
1548.752182	440.384903		
1560.940072	440.384903		
1575.626240	440.384903		
1587.917423	440.384903		
1602.806123	440.384903		
1615.057336	440.384903		
1629.667019	440.384903		
1641.958105	440.384903		
1656.702249	440.384903		
1669.304020	440.384903		
1683.706888	440.384903		
1696.414557	440.384903		
1710.705633	440.384903		
1723.526035	440.384903		
1738.204156	440.384903		
1750.721805	440.384903		
1765.035533	440.384903		
1777.598187	440.384903		
1791.883851	440.384903		
1804.468361	440.384903		
