65.000000
-9894.281710
-9814.281710
-9750.693645
-9687.105580
-9608.078600
-9529.051620
-9463.385865
-9397.720110
-9319.599190
-9241.478270
-9179.941495
-9118.404720
-9038.823150
-8959.241580
-8896.346285
-8833.450990
-8756.291235
-8679.131480
-8616.137800
-8553.144120
-8477.255340
-8401.366560
-8337.231285
-8273.096010
-8195.771465
-8118.446920
-8055.764900
-7993.082880
-7917.854155
-7842.625430
-7778.131645
-7713.637860
-7637.687880
-7561.737900
-7496.820935
-7431.903970
-7357.930470
-7283.956970
-7219.765605
-7155.574240
-7080.687450
-7005.800660
-6944.527565
-6883.254470
-6806.285110
-6729.315750
-6665.605245
-6601.894740
-6528.592430
-6455.290120
-6392.769215
-6330.248310
-6255.613800
-6180.979290
-6116.116970
-6051.254650
-5977.675520
-5904.096390
-5841.544410
-5778.992430
-5704.430585
-5629.868740
-5567.064070
-5504.259400
-5424.259400
65.000000
-9894.281710
-9814.281710
-9750.693645
-9687.105580
-9608.078600
-9529.051620
-9463.385865
-9397.720110
-9319.599190
-9241.478270
-9179.941495
-9118.404720
-9038.823150
-8959.241580
-8896.346285
-8833.450990
-8756.291235
-8679.131480
-8616.137800
-8553.144120
-8477.255340
-8401.366560
-8337.231285
-8273.096010
-8195.771465
-8118.446920
-8055.764900
-7993.082880
-7917.854155
-7842.625430
-7778.131645
-7713.637860
-7637.687880
-7561.737900
-7496.820935
-7431.903970
-7357.930470
-7283.956970
-7219.765605
-7155.574240
-7080.687450
-7005.800660
-6944.527565
-6883.254470
-6806.285110
-6729.315750
-6665.605245
-6601.894740
-6528.592430
-6455.290120
-6392.769215
-6330.248310
-6255.613800
-6180.979290
-6116.116970
-6051.254650
-5977.675520
-5904.096390
-5841.544410
-5778.992430
-5704.430585
-5629.868740
-5567.064070
-5504.259400
-5424.259400
65.000000
-9894.281710
-9814.281710
-9750.693645
-9687.105580
-9608.078600
-9529.051620
-9463.385865
-9397.720110
-9319.599190
-9241.478270
-9179.941495
-9118.404720
-9038.823150
-8959.241580
-8896.346285
-8833.450990
-8756.291235
-8679.131480
-8616.137800
-8553.144120
-8477.255340
-8401.366560
-8337.231285
-8273.096010
-8195.771465
-8118.446920
-8055.764900
-7993.082880
-7917.854155
-7842.625430
-7778.131645
-7713.637860
-7637.687880
-7561.737900
-7496.820935
-7431.903970
-7357.930470
-7283.956970
-7219.765605
-7155.574240
-7080.687450
-7005.800660
-6944.527565
-6883.254470
-6806.285110
-6729.315750
-6665.605245
-6601.894740
-6528.592430
-6455.290120
-6392.769215
-6330.248310
-6255.613800
-6180.979290
-6116.116970
-6051.254650
-5977.675520
-5904.096390
-5841.544410
-5778.992430
-5704.430585
-5629.868740
-5567.064070
-5504.259400
-5424.259400
65.000000
-9894.281710
-9814.281710
-9750.693645
-9687.105580
-9608.078600
-9529.051620
-9463.385865
-9397.720110
-9319.599190
-9241.478270
-9179.941495
-9118.404720
-9038.823150
-8959.241580
-8896.346285
-8833.450990
-8756.291235
-8679.131480
-8616.137800
-8553.144120
-8477.255340
-8401.366560
-8337.231285
-8273.096010
-8195.771465
-8118.446920
-8055.764900
-7993.082880
-7917.854155
-7842.625430
-7778.131645
-7713.637860
-7637.687880
-7561.737900
-7496.820935
-7431.903970
-7357.930470
-7283.956970
-7219.765605
-7155.574240
-7080.687450
-7005.800660
-6944.527565
-6883.254470
-6806.285110
-6729.315750
-6665.605245
-6601.894740
-6528.592430
-6455.290120
-6392.769215
-6330.248310
-6255.613800
-6180.979290
-6116.116970
-6051.254650
-5977.675520
-5904.096390
-5841.544410
-5778.992430
-5704.430585
-5629.868740
-5567.064070
-5504.259400
-5424.259400
65.000000
-9894.281710
-9814.281710
-9750.693645
-9687.105580
-9608.078600
-9529.051620
-9463.385865
-9397.720110
-9319.599190
-9241.478270
-9179.941495
-9118.404720
-9038.823150
-8959.241580
-8896.346285
-8833.450990
-8756.291235
-8679.131480
-8616.137800
-8553.144120
-8477.255340
-8401.366560
-8337.231285
-8273.096010
-8195.771465
-8118.446920
-8055.764900
-7993.082880
-7917.854155
-7842.625430
-7778.131645
-7713.637860
-7637.687880
-7561.737900
-7496.820935
-7431.903970
-7357.930470
-7283.956970
-7219.765605
-7155.574240
-7080.687450
-7005.800660
-6944.527565
-6883.254470
-6806.285110
-6729.315750
-6665.605245
-6601.894740
-6528.592430
-6455.290120
-6392.769215
-6330.248310
-6255.613800
-6180.979290
-6116.116970
-6051.254650
-5977.675520
-5904.096390
-5841.544410
-5778.992430
-5704.430585
-5629.868740
-5567.064070
-5504.259400
-5424.259400
65.000000
-9894.281710
-9814.281710
-9750.693645
-9687.105580
-9608.078600
-9529.051620
-9463.385865
-9397.720110
-9319.599190
-9241.478270
-9179.941495
-9118.404720
-9038.823150
-8959.241580
-8896.346285
-8833.450990
-8756.291235
-8679.131480
-8616.137800
-8553.144120
-8477.255340
-8401.366560
-8337.231285
-8273.096010
-8195.771465
-8118.446920
-8055.764900
-7993.082880
-7917.854155
-7842.625430
-7778.131645
-7713.637860
-7637.687880
-7561.737900
-7496.820935
-7431.903970
-7357.930470
-7283.956970
-7219.765605
-7155.574240
-7080.687450
-7005.800660
-6944.527565
-6883.254470
-6806.285110
-6729.315750
-6665.605245
-6601.894740
-6528.592430
-6455.290120
-6392.769215
-6330.248310
-6255.613800
-6180.979290
-6116.116970
-6051.254650
-5977.675520
-5904.096390
-5841.544410
-5778.992430
-5704.430585
-5629.868740
-5567.064070
-5504.259400
-5424.259400
65.000000
-9894.281710
-9814.281710
-9750.693645
-9687.105580
-9608.078600
-9529.051620
-9463.385865
-9397.720110
-9319.599190
-9241.478270
-9179.941495
-9118.404720
-9038.823150
-8959.241580
-8896.346285
-8833.450990
-8756.291235
-8679.131480
-8616.137800
-8553.144120
-8477.255340
-8401.366560
-8337.231285
-8273.096010
-8195.771465
-8118.446920
-8055.764900
-7993.082880
-7917.854155
-7842.625430
-7778.131645
-7713.637860
-7637.687880
-7561.737900
-7496.820935
-7431.903970
-7357.930470
-7283.956970
-7219.765605
-7155.574240
-7080.687450
-7005.800660
-6944.527565
-6883.254470
-6806.285110
-6729.315750
-6665.605245
-6601.894740
-6528.592430
-6455.290120
-6392.769215
-6330.248310
-6255.613800
-6180.979290
-6116.116970
-6051.254650
-5977.675520
-5904.096390
-5841.544410
-5778.992430
-5704.430585
-5629.868740
-5567.064070
-5504.259400
-5424.259400
65.000000
-9894.281710
-9814.281710
-9750.693645
-9687.105580
-9608.078600
-9529.051620
-9463.385865
-9397.720110
-9319.599190
-9241.478270
-9179.941495
-9118.404720
-9038.823150
-8959.241580
-8896.346285
-8833.450990
-8756.291235
-8679.131480
-8616.137800
-8553.144120
-8477.255340
-8401.366560
-8337.231285
-8273.096010
-8195.771465
-8118.446920
-8055.764900
-7993.082880
-7917.854155
-7842.625430
-7778.131645
-7713.637860
-7637.687880
-7561.737900
-7496.820935
-7431.903970
-7357.930470
-7283.956970
-7219.765605
-7155.574240
-7080.687450
-7005.800660
-6944.527565
-6883.254470
-6806.285110
-6729.315750
-6665.605245
-6601.894740
-6528.592430
-6455.290120
-6392.769215
-6330.248310
-6255.613800
-6180.979290
-6116.116970
-6051.254650
-5977.675520
-5904.096390
-5841.544410
-5778.992430
-5704.430585
-5629.868740
-5567.064070
-5504.259400
-5424.259400
65.000000
-9894.281710
-9814.281710
-9750.693645
-9687.105580
-9608.078600
-9529.051620
-9463.385865
-9397.720110
-9319.599190
-9241.478270
-9179.941495
-9118.404720
-9038.823150
-8959.241580
-8896.346285
-8833.450990
-8756.291235
-8679.131480
-8616.137800
-8553.144120
-8477.255340
-8401.366560
-8337.231285
-8273.096010
-8195.771465
-8118.446920
-8055.764900
-7993.082880
-7917.854155
-7842.625430
-7778.131645
-7713.637860
-7637.687880
-7561.737900
-7496.820935
-7431.903970
-7357.930470
-7283.956970
-7219.765605
-7155.574240
-7080.687450
-7005.800660
-6944.527565
-6883.254470
-6806.285110
-6729.315750
-6665.605245
-6601.894740
-6528.592430
-6455.290120
-6392.769215
-6330.248310
-6255.613800
-6180.979290
-6116.116970
-6051.254650
-5977.675520
-5904.096390
-5841.544410
-5778.992430
-5704.430585
-5629.868740
-5567.064070
-5504.259400
-5424.259400
65.000000
-9894.281710
-9814.281710
-9750.693645
-9687.105580
-9608.078600
-9529.051620
-9463.385865
-9397.720110
-9319.599190
-9241.478270
-9179.941495
-9118.404720
-9038.823150
-8959.241580
-8896.346285
-8833.450990
-8756.291235
-8679.131480
-8616.137800
-8553.144120
-8477.255340
-8401.366560
-8337.231285
-8273.096010
-8195.771465
-8118.446920
-8055.764900
-7993.082880
-7917.854155
-7842.625430
-7778.131645
-7713.637860
-7637.687880
-7561.737900
-7496.820935
-7431.903970
-7357.930470
-7283.956970
-7219.765605
-7155.574240
-7080.687450
-7005.800660
-6944.527565
-6883.254470
-6806.285110
-6729.315750
-6665.605245
-6601.894740
-6528.592430
-6455.290120
-6392.769215
-6330.248310
-6255.613800
-6180.979290
-6116.116970
-6051.254650
-5977.675520
-5904.096390
-5841.544410
-5778.992430
-5704.430585
-5629.868740
-5567.064070
-5504.259400
-5424.259400
65.000000
-9894.281710
-9814.281710
-9750.693645
-9687.105580
-9608.078600
-9529.051620
-9463.385865
-9397.720110
-9319.599190
-9241.478270
-9179.941495
-9118.404720
-9038.823150
-8959.241580
-8896.346285
-8833.450990
-8756.291235
-8679.131480
-8616.137800
-8553.144120
-8477.255340
-8401.366560
-8337.231285
-8273.096010
-8195.771465
-8118.446920
-8055.764900
-7993.082880
-7917.854155
-7842.625430
-7778.131645
-7713.637860
-7637.687880
-7561.737900
-7496.820935
-7431.903970
-7357.930470
-7283.956970
-7219.765605
-7155.574240
-7080.687450
-7005.800660
-6944.527565
-6883.254470
-6806.285110
-6729.315750
-6665.605245
-6601.894740
-6528.592430
-6455.290120
-6392.769215
-6330.248310
-6255.613800
-6180.979290
-6116.116970
-6051.254650
-5977.675520
-5904.096390
-5841.544410
-5778.992430
-5704.430585
-5629.868740
-5567.064070
-5504.259400
-5424.259400
65.000000
-9894.281710
-9814.281710
-9750.693645
-9687.105580
-9608.078600
-9529.051620
-9463.385865
-9397.720110
-9319.599190
-9241.478270
-9179.941495
-9118.404720
-9038.823150
-8959.241580
-8896.346285
-8833.450990
-8756.291235
-8679.131480
-8616.137800
-8553.144120
-8477.255340
-8401.366560
-8337.231285
-8273.096010
-8195.771465
-8118.446920
-8055.764900
-7993.082880
-7917.854155
-7842.625430
-7778.131645
-7713.637860
-7637.687880
-7561.737900
-7496.820935
-7431.903970
-7357.930470
-7283.956970
-7219.765605
-7155.574240
-7080.687450
-7005.800660
-6944.527565
-6883.254470
-6806.285110
-6729.315750
-6665.605245
-6601.894740
-6528.592430
-6455.290120
-6392.769215
-6330.248310
-6255.613800
-6180.979290
-6116.116970
-6051.254650
-5977.675520
-5904.096390
-5841.544410
-5778.992430
-5704.430585
-5629.868740
-5567.064070
-5504.259400
-5424.259400
65.000000
-9894.281710
-9814.281710
-9750.693645
-9687.105580
-9608.078600
-9529.051620
-9463.385865
-9397.720110
-9319.599190
-9241.478270
-9179.941495
-9118.404720
-9038.823150
-8959.241580
-8896.346285
-8833.450990
-8756.291235
-8679.131480
-8616.137800
-8553.144120
-8477.255340
-8401.366560
-8337.231285
-8273.096010
-8195.771465
-8118.446920
-8055.764900
-7993.082880
-7917.854155
-7842.625430
-7778.131645
-7713.637860
-7637.687880
-7561.737900
-7496.820935
-7431.903970
-7357.930470
-7283.956970
-7219.765605
-7155.574240
-7080.687450
-7005.800660
-6944.527565
-6883.254470
-6806.285110
-6729.315750
-6665.605245
-6601.894740
-6528.592430
-6455.290120
-6392.769215
-6330.248310
-6255.613800
-6180.979290
-6116.116970
-6051.254650
-5977.675520
-5904.096390
-5841.544410
-5778.992430
-5704.430585
-5629.868740
-5567.064070
-5504.259400
-5424.259400
65.000000
-9894.281710
-9814.281710
-9750.693645
-9687.105580
-9608.078600
-9529.051620
-9463.385865
-9397.720110
-9319.599190
-9241.478270
-9179.941495
-9118.404720
-9038.823150
-8959.241580
-8896.346285
-8833.450990
-8756.291235
-8679.131480
-8616.137800
-8553.144120
-8477.255340
-8401.366560
-8337.231285
-8273.096010
-8195.771465
-8118.446920
-8055.764900
-7993.082880
-7917.854155
-7842.625430
-7778.131645
-7713.637860
-7637.687880
-7561.737900
-7496.820935
-7431.903970
-7357.930470
-7283.956970
-7219.765605
-7155.574240
-7080.687450
-7005.800660
-6944.527565
-6883.254470
-6806.285110
-6729.315750
-6665.605245
-6601.894740
-6528.592430
-6455.290120
-6392.769215
-6330.248310
-6255.613800
-6180.979290
-6116.116970
-6051.254650
-5977.675520
-5904.096390
-5841.544410
-5778.992430
-5704.430585
-5629.868740
-5567.064070
-5504.259400
-5424.259400
65.000000
-9894.281710
-9814.281710
-9750.693645
-9687.105580
-9608.078600
-9529.051620
-9463.385865
-9397.720110
-9319.599190
-9241.478270
-9179.941495
-9118.404720
-9038.823150
-8959.241580
-8896.346285
-8833.450990
-8756.291235
-8679.131480
-8616.137800
-8553.144120
-8477.255340
-8401.366560
-8337.231285
-8273.096010
-8195.771465
-8118.446920
-8055.764900
-7993.082880
-7917.854155
-7842.625430
-7778.131645
-7713.637860
-7637.687880
-7561.737900
-7496.820935
-7431.903970
-7357.930470
-7283.956970
-7219.765605
-7155.574240
-7080.687450
-7005.800660
-6944.527565
-6883.254470
-6806.285110
-6729.315750
-6665.605245
-6601.894740
-6528.592430
-6455.290120
-6392.769215
-6330.248310
-6255.613800
-6180.979290
-6116.116970
-6051.254650
-5977.675520
-5904.096390
-5841.544410
-5778.992430
-5704.430585
-5629.868740
-5567.064070
-5504.259400
-5424.259400
65.000000
-9894.281710
-9814.281710
-9750.693645
-9687.105580
-9608.078600
-9529.051620
-9463.385865
-9397.720110
-9319.599190
-9241.478270
-9179.941495
-9118.404720
-9038.823150
-8959.241580
-8896.346285
-8833.450990
-8756.291235
-8679.131480
-8616.137800
-8553.144120
-8477.255340
-8401.366560
-8337.231285
-8273.096010
-8195.771465
-8118.446920
-8055.764900
-7993.082880
-7917.854155
-7842.625430
-7778.131645
-7713.637860
-7637.687880
-7561.737900
-7496.820935
-7431.903970
-7357.930470
-7283.956970
-7219.765605
-7155.574240
-7080.687450
-7005.800660
-6944.527565
-6883.254470
-6806.285110
-6729.315750
-6665.605245
-6601.894740
-6528.592430
-6455.290120
-6392.769215
-6330.248310
-6255.613800
-6180.979290
-6116.116970
-6051.254650
-5977.675520
-5904.096390
-5841.544410
-5778.992430
-5704.430585
-5629.868740
-5567.064070
-5504.259400
-5424.259400
65.000000
-9894.281710
-9814.281710
-9750.693645
-9687.105580
-9608.078600
-9529.051620
-9463.385865
-9397.720110
-9319.599190
-9241.478270
-9179.941495
-9118.404720
-9038.823150
-8959.241580
-8896.346285
-8833.450990
-8756.291235
-8679.131480
-8616.137800
-8553.144120
-8477.255340
-8401.366560
-8337.231285
-8273.096010
-8195.771465
-8118.446920
-8055.764900
-7993.082880
-7917.854155
-7842.625430
-7778.131645
-7713.637860
-7637.687880
-7561.737900
-7496.820935
-7431.903970
-7357.930470
-7283.956970
-7219.765605
-7155.574240
-7080.687450
-7005.800660
-6944.527565
-6883.254470
-6806.285110
-6729.315750
-6665.605245
-6601.894740
-6528.592430
-6455.290120
-6392.769215
-6330.248310
-6255.613800
-6180.979290
-6116.116970
-6051.254650
-5977.675520
-5904.096390
-5841.544410
-5778.992430
-5704.430585
-5629.868740
-5567.064070
-5504.259400
-5424.259400
65.000000
-9894.281710
-9814.281710
-9750.693645
-9687.105580
-9608.078600
-9529.051620
-9463.385865
-9397.720110
-9319.599190
-9241.478270
-9179.941495
-9118.404720
-9038.823150
-8959.241580
-8896.346285
-8833.450990
-8756.291235
-8679.131480
-8616.137800
-8553.144120
-8477.255340
-8401.366560
-8337.231285
-8273.096010
-8195.771465
-8118.446920
-8055.764900
-7993.082880
-7917.854155
-7842.625430
-7778.131645
-7713.637860
-7637.687880
-7561.737900
-7496.820935
-7431.903970
-7357.930470
-7283.956970
-7219.765605
-7155.574240
-7080.687450
-7005.800660
-6944.527565
-6883.254470
-6806.285110
-6729.315750
-6665.605245
-6601.894740
-6528.592430
-6455.290120
-6392.769215
-6330.248310
-6255.613800
-6180.979290
-6116.116970
-6051.254650
-5977.675520
-5904.096390
-5841.544410
-5778.992430
-5704.430585
-5629.868740
-5567.064070
-5504.259400
-5424.259400
65.000000
-9894.281710
-9814.281710
-9750.693645
-9687.105580
-9608.078600
-9529.051620
-9463.385865
-9397.720110
-9319.599190
-9241.478270
-9179.941495
-9118.404720
-9038.823150
-8959.241580
-8896.346285
-8833.450990
-8756.291235
-8679.131480
-8616.137800
-8553.144120
-8477.255340
-8401.366560
-8337.231285
-8273.096010
-8195.771465
-8118.446920
-8055.764900
-7993.082880
-7917.854155
-7842.625430
-7778.131645
-7713.637860
-7637.687880
-7561.737900
-7496.820935
-7431.903970
-7357.930470
-7283.956970
-7219.765605
-7155.574240
-7080.687450
-7005.800660
-6944.527565
-6883.254470
-6806.285110
-6729.315750
-6665.605245
-6601.894740
-6528.592430
-6455.290120
-6392.769215
-6330.248310
-6255.613800
-6180.979290
-6116.116970
-6051.254650
-5977.675520
-5904.096390
-5841.544410
-5778.992430
-5704.430585
-5629.868740
-5567.064070
-5504.259400
-5424.259400
65.000000
-9894.281710
-9814.281710
-9750.693645
-9687.105580
-9608.078600
-9529.051620
-9463.385865
-9397.720110
-9319.599190
-9241.478270
-9179.941495
-9118.404720
-9038.823150
-8959.241580
-8896.346285
-8833.450990
-8756.291235
-8679.131480
-8616.137800
-8553.144120
-8477.255340
-8401.366560
-8337.231285
-8273.096010
-8195.771465
-8118.446920
-8055.764900
-7993.082880
-7917.854155
-7842.625430
-7778.131645
-7713.637860
-7637.687880
-7561.737900
-7496.820935
-7431.903970
-7357.930470
-7283.956970
-7219.765605
-7155.574240
-7080.687450
-7005.800660
-6944.527565
-6883.254470
-6806.285110
-6729.315750
-6665.605245
-6601.894740
-6528.592430
-6455.290120
-6392.769215
-6330.248310
-6255.613800
-6180.979290
-6116.116970
-6051.254650
-5977.675520
-5904.096390
-5841.544410
-5778.992430
-5704.430585
-5629.868740
-5567.064070
-5504.259400
-5424.259400
65.000000
-9894.281710
-9814.281710
-9750.693645
-9687.105580
-9608.078600
-9529.051620
-9463.385865
-9397.720110
-9319.599190
-9241.478270
-9179.941495
-9118.404720
-9038.823150
-8959.241580
-8896.346285
-8833.450990
-8756.291235
-8679.131480
-8616.137800
-8553.144120
-8477.255340
-8401.366560
-8337.231285
-8273.096010
-8195.771465
-8118.446920
-8055.764900
-7993.082880
-7917.854155
-7842.625430
-7778.131645
-7713.637860
-7637.687880
-7561.737900
-7496.820935
-7431.903970
-7357.930470
-7283.956970
-7219.765605
-7155.574240
-7080.687450
-7005.800660
-6944.527565
-6883.254470
-6806.285110
-6729.315750
-6665.605245
-6601.894740
-6528.592430
-6455.290120
-6392.769215
-6330.248310
-6255.613800
-6180.979290
-6116.116970
-6051.254650
-5977.675520
-5904.096390
-5841.544410
-5778.992430
-5704.430585
-5629.868740
-5567.064070
-5504.259400
-5424.259400
65.000000
-9894.281710
-9814.281710
-9750.693645
-9687.105580
-9608.078600
-9529.051620
-9463.385865
-9397.720110
-9319.599190
-9241.478270
-9179.941495
-9118.404720
-9038.823150
-8959.241580
-8896.346285
-8833.450990
-8756.291235
-8679.131480
-8616.137800
-8553.144120
-8477.255340
-8401.366560
-8337.231285
-8273.096010
-8195.771465
-8118.446920
-8055.764900
-7993.082880
-7917.854155
-7842.625430
-7778.131645
-7713.637860
-7637.687880
-7561.737900
-7496.820935
-7431.903970
-7357.930470
-7283.956970
-7219.765605
-7155.574240
-7080.687450
-7005.800660
-6944.527565
-6883.254470
-6806.285110
-6729.315750
-6665.605245
-6601.894740
-6528.592430
-6455.290120
-6392.769215
-6330.248310
-6255.613800
-6180.979290
-6116.116970
-6051.254650
-5977.675520
-5904.096390
-5841.544410
-5778.992430
-5704.430585
-5629.868740
-5567.064070
-5504.259400
-5424.259400
65.000000
-9894.281710
-9814.281710
-9750.693645
-9687.105580
-9608.078600
-9529.051620
-9463.385865
-9397.720110
-9319.599190
-9241.478270
-9179.941495
-9118.404720
-9038.823150
-8959.241580
-8896.346285
-8833.450990
-8756.291235
-8679.131480
-8616.137800
-8553.144120
-8477.255340
-8401.366560
-8337.231285
-8273.096010
-8195.771465
-8118.446920
-8055.764900
-7993.082880
-7917.854155
-7842.625430
-7778.131645
-7713.637860
-7637.687880
-7561.737900
-7496.820935
-7431.903970
-7357.930470
-7283.956970
-7219.765605
-7155.574240
-7080.687450
-7005.800660
-6944.527565
-6883.254470
-6806.285110
-6729.315750
-6665.605245
-6601.894740
-6528.592430
-6455.290120
-6392.769215
-6330.248310
-6255.613800
-6180.979290
-6116.116970
-6051.254650
-5977.675520
-5904.096390
-5841.544410
-5778.992430
-5704.430585
-5629.868740
-5567.064070
-5504.259400
-5424.259400
65.000000
-9894.281710
-9814.281710
-9750.693645
-9687.105580
-9608.078600
-9529.051620
-9463.385865
-9397.720110
-9319.599190
-9241.478270
-9179.941495
-9118.404720
-9038.823150
-8959.241580
-8896.346285
-8833.450990
-8756.291235
-8679.131480
-8616.137800
-8553.144120
-8477.255340
-8401.366560
-8337.231285
-8273.096010
-8195.771465
-8118.446920
-8055.764900
-7993.082880
-7917.854155
-7842.625430
-7778.131645
-7713.637860
-7637.687880
-7561.737900
-7496.820935
-7431.903970
-7357.930470
-7283.956970
-7219.765605
-7155.574240
-7080.687450
-7005.800660
-6944.527565
-6883.254470
-6806.285110
-6729.315750
-6665.605245
-6601.894740
-6528.592430
-6455.290120
-6392.769215
-6330.248310
-6255.613800
-6180.979290
-6116.116970
-6051.254650
-5977.675520
-5904.096390
-5841.544410
-5778.992430
-5704.430585
-5629.868740
-5567.064070
-5504.259400
-5424.259400
65.000000
-9894.281710
-9814.281710
-9750.693645
-9687.105580
-9608.078600
-9529.051620
-9463.385865
-9397.720110
-9319.599190
-9241.478270
-9179.941495
-9118.404720
-9038.823150
-8959.241580
-8896.346285
-8833.450990
-8756.291235
-8679.131480
-8616.137800
-8553.144120
-8477.255340
-8401.366560
-8337.231285
-8273.096010
-8195.771465
-8118.446920
-8055.764900
-7993.082880
-7917.854155
-7842.625430
-7778.131645
-7713.637860
-7637.687880
-7561.737900
-7496.820935
-7431.903970
-7357.930470
-7283.956970
-7219.765605
-7155.574240
-7080.687450
-7005.800660
-6944.527565
-6883.254470
-6806.285110
-6729.315750
-6665.605245
-6601.894740
-6528.592430
-6455.290120
-6392.769215
-6330.248310
-6255.613800
-6180.979290
-6116.116970
-6051.254650
-5977.675520
-5904.096390
-5841.544410
-5778.992430
-5704.430585
-5629.868740
-5567.064070
-5504.259400
-5424.259400
65.000000
-9894.281710
-9814.281710
-9750.693645
-9687.105580
-9608.078600
-9529.051620
-9463.385865
-9397.720110
-9319.599190
-9241.478270
-9179.941495
-9118.404720
-9038.823150
-8959.241580
-8896.346285
-8833.450990
-8756.291235
-8679.131480
-8616.137800
-8553.144120
-8477.255340
-8401.366560
-8337.231285
-8273.096010
-8195.771465
-8118.446920
-8055.764900
-7993.082880
-7917.854155
-7842.625430
-7778.131645
-7713.637860
-7637.687880
-7561.737900
-7496.820935
-7431.903970
-7357.930470
-7283.956970
-7219.765605
-7155.574240
-7080.687450
-7005.800660
-6944.527565
-6883.254470
-6806.285110
-6729.315750
-6665.605245
-6601.894740
-6528.592430
-6455.290120
-6392.769215
-6330.248310
-6255.613800
-6180.979290
-6116.116970
-6051.254650
-5977.675520
-5904.096390
-5841.544410
-5778.992430
-5704.430585
-5629.868740
-5567.064070
-5504.259400
-5424.259400
65.000000
-9894.281710
-9814.281710
-9750.693645
-9687.105580
-9608.078600
-9529.051620
-9463.385865
-9397.720110
-9319.599190
-9241.478270
-9179.941495
-9118.404720
-9038.823150
-8959.241580
-8896.346285
-8833.450990
-8756.291235
-8679.131480
-8616.137800
-8553.144120
-8477.255340
-8401.366560
-8337.231285
-8273.096010
-8195.771465
-8118.446920
-8055.764900
-7993.082880
-7917.854155
-7842.625430
-7778.131645
-7713.637860
-7637.687880
-7561.737900
-7496.820935
-7431.903970
-7357.930470
-7283.956970
-7219.765605
-7155.574240
-7080.687450
-7005.800660
-6944.527565
-6883.254470
-6806.285110
-6729.315750
-6665.605245
-6601.894740
-6528.592430
-6455.290120
-6392.769215
-6330.248310
-6255.613800
-6180.979290
-6116.116970
-6051.254650
-5977.675520
-5904.096390
-5841.544410
-5778.992430
-5704.430585
-5629.868740
-5567.064070
-5504.259400
-5424.259400
65.000000
-9894.281710
-9814.281710
-9750.693645
-9687.105580
-9608.078600
-9529.051620
-9463.385865
-9397.720110
-9319.599190
-9241.478270
-9179.941495
-9118.404720
-9038.823150
-8959.241580
-8896.346285
-8833.450990
-8756.291235
-8679.131480
-8616.137800
-8553.144120
-8477.255340
-8401.366560
-8337.231285
-8273.096010
-8195.771465
-8118.446920
-8055.764900
-7993.082880
-7917.854155
-7842.625430
-7778.131645
-7713.637860
-7637.687880
-7561.737900
-7496.820935
-7431.903970
-7357.930470
-7283.956970
-7219.765605
-7155.574240
-7080.687450
-7005.800660
-6944.527565
-6883.254470
-6806.285110
-6729.315750
-6665.605245
-6601.894740
-6528.592430
-6455.290120
-6392.769215
-6330.248310
-6255.613800
-6180.979290
-6116.116970
-6051.254650
-5977.675520
-5904.096390
-5841.544410
-5778.992430
-5704.430585
-5629.868740
-5567.064070
-5504.259400
-5424.259400
65.000000
-9894.281710
-9814.281710
-9750.693645
-9687.105580
-9608.078600
-9529.051620
-9463.385865
-9397.720110
-9319.599190
-9241.478270
-9179.941495
-9118.404720
-9038.823150
-8959.241580
-8896.346285
-8833.450990
-8756.291235
-8679.131480
-8616.137800
-8553.144120
-8477.255340
-8401.366560
-8337.231285
-8273.096010
-8195.771465
-8118.446920
-8055.764900
-7993.082880
-7917.854155
-7842.625430
-7778.131645
-7713.637860
-7637.687880
-7561.737900
-7496.820935
-7431.903970
-7357.930470
-7283.956970
-7219.765605
-7155.574240
-7080.687450
-7005.800660
-6944.527565
-6883.254470
-6806.285110
-6729.315750
-6665.605245
-6601.894740
-6528.592430
-6455.290120
-6392.769215
-6330.248310
-6255.613800
-6180.979290
-6116.116970
-6051.254650
-5977.675520
-5904.096390
-5841.544410
-5778.992430
-5704.430585
-5629.868740
-5567.064070
-5504.259400
-5424.259400
65.000000
-9894.281710
-9814.281710
-9750.693645
-9687.105580
-9608.078600
-9529.051620
-9463.385865
-9397.720110
-9319.599190
-9241.478270
-9179.941495
-9118.404720
-9038.823150
-8959.241580
-8896.346285
-8833.450990
-8756.291235
-8679.131480
-8616.137800
-8553.144120
-8477.255340
-8401.366560
-8337.231285
-8273.096010
-8195.771465
-8118.446920
-8055.764900
-7993.082880
-7917.854155
-7842.625430
-7778.131645
-7713.637860
-7637.687880
-7561.737900
-7496.820935
-7431.903970
-7357.930470
-7283.956970
-7219.765605
-7155.574240
-7080.687450
-7005.800660
-6944.527565
-6883.254470
-6806.285110
-6729.315750
-6665.605245
-6601.894740
-6528.592430
-6455.290120
-6392.769215
-6330.248310
-6255.613800
-6180.979290
-6116.116970
-6051.254650
-5977.675520
-5904.096390
-5841.544410
-5778.992430
-5704.430585
-5629.868740
-5567.064070
-5504.259400
-5424.259400
