30.000000
10347.175920
10487.136620
10627.302100
10766.214630
10902.504180
11045.429870
11186.300420
11318.529300
11462.032540
11597.998030
11745.168680
11878.348410
12020.520620
12164.143520
12271.627760
12415.094500
12556.536050
12692.202890
12828.595920
12968.956900
13101.326760
13244.146840
13386.555040
13522.179700
13667.203630
13807.023640
13945.604170
14082.610300
14219.987380
14360.763860
30.000000
-7682.252540
-7542.266950
-7404.694950
-7264.359350
-7125.125810
-6983.398480
-6843.320060
-6704.765560
-6564.056500
-6424.378770
-6284.039380
-6145.878050
-6007.667270
-5865.000540
-5751.950170
-5611.928090
-5473.121050
-5335.963010
-5199.266300
-5060.707590
-4921.921370
-4784.729220
-4644.766590
-4505.236100
-4367.117630
-4227.800380
-4089.107750
-3946.206110
-3808.261350
-3671.680230
30.000000
-7638.359190
-7495.458070
-7355.836880
-7216.466820
-7079.329450
-6937.452790
-6797.917910
-6658.436470
-6517.712370
-6377.992680
-6238.484720
-6098.253190
-5959.475020
-5818.979180
-5705.065180
-5565.666550
-5426.908820
-5288.416030
-5149.900910
-5011.705570
-4875.139400
-4736.456270
-4597.512370
-4456.209460
-4320.399310
-4179.168840
-4039.652920
-3898.673590
-3761.161570
-3621.484370
30.000000
14815.663860
14954.499940
15098.960330
15235.414710
15375.039600
15514.931420
15655.489140
15795.114470
15934.307250
16073.404540
16212.780750
16351.615840
16491.779670
16632.487240
16745.852480
16884.371810
17023.192830
17161.472280
17298.894770
17438.542300
17578.816190
17718.560260
17858.968810
17998.818360
18136.881230
18275.070570
18414.934430
18554.180760
18693.615360
18832.170250
30.000000
1337.450930
1480.099520
1619.800890
1757.779850
1896.412570
2039.728820
2177.522700
2315.297870
2456.687200
2597.660610
2737.393480
2875.360670
3012.407580
3155.968680
3266.798470
3404.056300
3545.322480
3684.227950
3820.646430
3962.591430
4097.629270
4236.826240
4377.955200
4519.491530
4659.696030
4796.986150
4937.299360
5075.525640
5213.377820
5354.180390
30.000000
5854.855170
5994.555960
6134.353410
6273.177830
6411.942240
6554.176010
6695.799000
6831.972430
6972.867440
7112.706910
7251.933200
7385.769470
7529.504120
7673.303620
7784.298730
7921.482640
8063.641570
8201.353000
8338.448690
8479.458530
8617.977460
8758.686530
8897.104440
9035.768900
9174.794170
9311.834960
9454.456640
9592.751800
9730.827400
9872.203710
30.000000
-16619.934290
-16477.151080
-16338.890950
-16199.113600
-16059.152440
-15916.443940
-15772.812300
-15636.647120
-15496.787370
-15355.966510
-15213.973200
-15076.963430
-14937.463700
-14792.814660
-14681.159790
-14541.691700
-14400.615880
-14261.840180
-14126.024460
-13988.027560
-13847.577800
-13707.556080
-13567.672350
-13426.618760
-13290.465410
-13149.317560
-13012.134390
-12873.194970
-12732.830150
-12593.991410
30.000000
14807.804330
14946.083260
15085.503680
15223.233340
15361.576470
15503.317910
15643.796980
15782.103440
15922.270840
16060.753090
16199.854310
16338.311330
16479.194690
16619.321440
16733.483120
16868.518110
17008.630260
17148.910110
17286.259410
17425.709180
17565.867040
17705.697460
17846.343240
17985.683730
18125.408880
18264.108610
18403.661570
18541.011490
18683.390200
18818.826350
30.000000
-7661.113610
-7518.767520
-7376.838730
-7237.783260
-7097.716610
-6958.641380
-6818.724660
-6678.986960
-6538.895800
-6397.774690
-6259.142580
-6120.964260
-5982.209850
-5839.556900
-5727.609770
-5587.558870
-5449.093650
-5309.521830
-5173.423220
-5035.428620
-4896.675240
-4757.732320
-4617.985530
-4478.541540
-4339.780520
-4201.809580
-4061.680520
-3922.038070
-3784.168710
-3644.014390
30.000000
10345.514980
10485.547680
10625.740910
10762.544840
10901.161150
11042.358890
11180.715260
11317.638990
11458.170670
11598.862820
11739.005690
11874.050670
12015.367960
12160.025310
12270.037480
12407.737230
12547.896280
12683.943190
12825.580890
12962.060980
13098.582410
13238.996620
13377.559080
13517.441370
13659.600070
13795.537600
13937.192970
14077.672950
14210.165300
14349.402010
30.000000
-12153.359610
-12013.102910
-11872.521990
-11733.701460
-11594.500470
-11451.346670
-11312.081740
-11171.674060
-11033.452750
-10893.027450
-10754.209300
-10614.451920
-10474.070210
-10331.983100
-10218.249180
-10081.054340
-9942.497020
-9803.827710
-9665.722460
-9526.253100
-9385.285870
-9247.522510
-9110.534430
-8971.343980
-8832.192210
-8694.404530
-8553.676230
-8414.018150
-8274.192210
-8135.689910
30.000000
-3173.492710
-3033.454610
-2895.249230
-2756.624850
-2618.256310
-2473.960630
-2334.198970
-2194.164280
-2055.463530
-1917.010320
-1777.860190
-1640.210830
-1499.307390
-1357.351060
-1243.295110
-1103.890180
-966.422490
-828.815140
-693.087810
-552.227100
-412.535120
-272.089340
-132.595070
6.627990
145.816590
284.777700
426.091820
564.637880
704.536030
843.186540
30.000000
19325.420620
19463.700720
19602.426690
19741.131640
19880.590530
20019.981470
20160.705390
20299.857370
20439.113020
20579.052900
20719.257350
20857.133980
20995.442380
21136.824080
21251.571640
21391.515940
21530.931550
21670.713730
21808.570280
21948.422290
22087.425580
22225.974970
22365.985180
22505.753330
22645.653290
22782.938040
22922.423060
23061.497620
23199.448010
23337.216840
30.000000
-3117.306830
-2981.162230
-2839.049840
-2700.399040
-2561.565350
-2416.503010
-2272.328380
-2138.256970
-1996.649320
-1852.965430
-1721.902720
-1586.282380
-1440.897820
-1298.447980
-1185.742030
-1046.657210
-909.758580
-772.576730
-636.809690
-495.374520
-359.331450
-214.962970
-72.875280
65.090840
205.718590
343.930120
484.925830
623.655460
763.127410
902.267120
30.000000
-16684.869470
-16543.985940
-16406.149720
-16266.668300
-16126.701200
-15984.188080
-15843.615630
-15702.651350
-15560.907640
-15421.448610
-15281.369780
-15142.761590
-15003.921890
-14860.241550
-14747.981180
-14610.366410
-14468.660040
-14329.588390
-14191.085590
-14054.277520
-13915.417220
-13776.568470
-13637.112860
-13496.308590
-13356.627710
-13217.933070
-13079.347910
-12940.239240
-12801.175360
-12663.704430
30.000000
-21176.698440
-21034.939220
-20898.326630
-20759.578910
-20620.424670
-20477.876660
-20338.552640
-20197.244960
-20056.709000
-19916.515500
-19776.843360
-19633.242620
-19492.235090
-19351.821090
-19237.735470
-19098.654580
-18960.219710
-18821.292910
-18683.704340
-18542.944290
-18403.623080
-18264.371930
-18124.654810
-17987.449810
-17844.892440
-17708.223160
-17569.332700
-17429.330570
-17290.445080
-17152.748200
30.000000
1284.647580
1425.276820
1563.531720
1702.928710
1841.469560
1983.357570
2123.098980
2263.551240
2403.422610
2543.734570
2683.424670
2821.584640
2960.857540
3101.992580
3218.238360
3356.834060
3494.812400
3632.964470
3771.586780
3910.892930
4050.012230
4189.640170
4329.532880
4468.818160
4608.715930
4748.293560
4887.885490
5027.421100
5164.198920
5305.047850
30.000000
-12160.595250
-12021.182260
-11882.235320
-11742.684240
-11604.674220
-11460.483140
-11320.914950
-11180.147730
-11040.301840
-10901.575400
-10762.180390
-10622.262900
-10481.949520
-10340.640080
-10227.052880
-10087.506030
-9950.883190
-9812.153060
-9674.716990
-9534.379360
-9394.636710
-9256.467060
-9117.498710
-8977.828460
-8839.408390
-8701.810890
-8561.372520
-8422.875010
-8283.191070
-8143.507870
30.000000
14820.624230
14959.504590
15096.841080
15236.842660
15376.716440
15519.315370
15656.122450
15796.316420
15936.419990
16074.525080
16212.163010
16353.908970
16490.502460
16632.115610
16747.555670
16887.297390
17024.638090
17161.484220
17302.184100
17441.194200
17580.671220
17721.907780
17860.168920
18000.783950
18139.678000
18276.574210
18416.180430
18554.084180
18691.734980
18830.198450
30.000000
19354.041850
19494.607640
19637.115900
19774.178200
19912.848030
20050.701740
20192.630020
20331.302850
20472.087230
20611.259170
20750.187950
20889.440610
21028.758580
21168.923760
21283.002020
21422.673210
21563.807450
21702.611550
21840.257490
21979.893730
22119.359990
22258.821580
22398.209470
22537.858610
22677.642090
22814.715840
22953.887830
23092.471850
23231.858630
23370.791750
30.000000
1354.896070
1495.048130
1634.382190
1773.640320
1912.607390
2054.750070
2194.345970
2332.570680
2472.725400
2613.183720
2756.112960
2893.002710
3030.508200
3170.191110
3284.223540
3424.185860
3563.776870
3702.673860
3840.972660
3979.131250
4117.686280
4258.320290
4394.480420
4536.452200
4677.529630
4814.474310
4951.802840
5093.368370
5228.214160
5359.058230
30.000000
-16681.094430
-16541.449260
-16402.580160
-16266.643190
-16126.148930
-15982.092570
-15840.602330
-15699.923480
-15559.581750
-15420.579700
-15280.211900
-15140.187960
-15000.456140
-14859.729640
-14746.664340
-14607.355970
-14468.761830
-14328.360490
-14189.903720
-14050.969100
-13912.707830
-13773.058440
-13631.649630
-13492.829730
-13353.024720
-13216.659210
-13076.883740
-12937.984020
-12799.273660
-12659.992340
30.000000
19319.817580
19455.565760
19596.844170
19735.614230
19874.272510
20014.482770
20153.996030
20294.065250
20430.626450
20571.482050
20711.000630
20849.502000
20989.359770
21130.245530
21242.823780
21383.225900
21522.038870
21662.659250
21800.946520
21940.292370
22079.807140
22217.949250
22357.707840
22497.350390
22636.944300
22775.522450
22914.202670
23052.992040
23191.456480
23329.743620
30.000000
19345.222730
19486.649240
19625.333400
19762.134080
19900.380350
20041.504610
20183.211320
20321.128480
20461.466180
20601.418860
20737.370510
20876.224410
21018.171570
21159.201360
21276.053270
21412.067700
21551.001970
21691.590160
21830.691500
21969.242430
22109.119710
22249.216900
22388.481360
22527.799460
22668.205130
22802.695800
22944.705090
23085.063780
23218.984070
23359.144410
30.000000
5812.559290
5951.923430
6091.880480
6230.079530
6368.221120
6510.601430
6650.754570
6790.143390
6929.122790
7068.372200
7206.943080
7345.140780
7484.686180
7626.122610
7740.179000
7879.969290
8018.557060
8157.480580
8294.245990
8433.986140
8573.390320
8712.538260
8851.958290
8992.100460
9131.548360
9269.341440
9409.876440
9549.184560
9689.716720
9830.318170
30.000000
23800.201110
23937.044820
24077.595340
24213.471660
24352.860610
24489.543480
24631.409890
24771.895850
24909.504110
25047.542110
25188.394090
25327.359540
25467.366880
25608.904040
25723.302630
25862.476270
25999.942240
26141.182770
26278.027580
26417.846080
26557.327930
26696.648140
26834.298730
26974.998410
26984.998410
26994.998410
27004.998410
27014.998410
27024.998410
27034.998410
30.000000
23803.094660
23935.081910
24076.243080
24214.697360
24351.515370
24494.307570
24631.020810
24771.707400
24907.759040
25046.884070
25186.978680
25326.077390
25468.164980
25608.152880
25726.157000
25863.791380
26001.495890
26139.739390
26279.613190
26418.355000
26557.704390
26695.602270
26834.367900
26974.661360
26984.661360
26994.661360
27004.661360
27014.661360
27024.661360
27034.661360
30.000000
-21142.880600
-21000.913990
-20861.270770
-20721.252730
-20581.207750
-20440.179200
-20298.949530
-20158.879490
-20019.447240
-19877.659030
-19738.921930
-19598.260690
-19456.409830
-19314.820290
-19200.448020
-19061.741650
-18922.419000
-18782.728570
-18649.507300
-18505.901610
-18369.128060
-18229.143180
-18090.011760
-17950.766880
-17812.624710
-17672.510960
-17532.315110
-17393.167660
-17253.166920
-17114.465560
30.000000
23862.935010
24005.701850
24145.747230
24281.283880
24420.766440
24562.186310
24705.325920
24840.304180
24982.329670
25119.908200
25260.250530
25400.288450
25539.739230
25679.779810
25797.165200
25935.839220
26071.355700
26211.019480
26348.957200
26489.373130
26628.967500
26768.584340
26907.729820
27046.723450
27056.723450
27066.723450
27076.723450
27086.723450
27096.723450
27106.723450
30.000000
-16632.042070
-16493.641500
-16350.419400
-16210.906420
-16072.415620
-15930.060720
-15787.399720
-15646.699730
-15505.576290
-15366.482190
-15227.616910
-15091.450000
-14948.014360
-14805.953920
-14692.488110
-14551.891450
-14412.724920
-14274.575870
-14136.252280
-13997.535840
-13858.241950
-13718.645670
-13581.656470
-13440.651930
-13302.141370
-13163.399520
-13024.224060
-12884.645600
-12745.474950
-12606.887810
30.000000
-7656.177780
-7515.979870
-7375.144970
-7236.121560
-7098.031990
-6956.034330
-6816.307480
-6678.154500
-6536.237130
-6397.457490
-6258.014400
-6120.443700
-5979.219310
-5836.832470
-5724.459510
-5585.782320
-5444.654110
-5306.659800
-5170.630580
-5031.849140
-4892.796680
-4753.984890
-4615.273730
-4476.224080
-4336.495180
-4198.565370
-4059.325770
-3919.022230
-3780.380310
-3642.414650
30.000000
14853.484100
14995.097840
15132.505460
15270.880330
15409.762360
15550.902360
15692.056600
15831.081070
15969.492860
16108.075880
16245.191670
16386.093440
16526.479940
16665.627000
16783.287760
16921.072720
17058.839010
17197.361420
17335.297110
17476.762890
17615.126400
17756.154230
17895.339820
18034.253640
18174.298080
18311.709710
18451.986060
18592.691060
18730.743640
18870.797700
30.000000
23829.988690
23972.122760
24110.047140
24246.942660
24386.539890
24528.443430
24667.007540
24805.797480
24944.061710
25083.970420
25222.727860
25361.233950
25502.690870
25643.220840
25759.120430
25896.975450
26036.214440
26174.485670
26313.286300
26452.421270
26591.467810
26730.602540
26869.889840
27008.926820
27018.926820
27028.926820
27038.926820
27048.926820
27058.926820
27068.926820
30.000000
10358.990220
10501.445030
10637.463070
10776.832240
10915.651490
11058.425350
11195.437940
11330.257850
11473.681380
11612.451750
11751.391590
11888.200790
12029.206200
12170.932190
12283.111370
12424.041730
12563.476540
12701.049380
12838.398220
12977.220640
13113.933460
13254.608250
13393.815900
13535.509650
13675.623920
13814.099960
13954.107450
14092.914290
14229.895960
14371.501350
30.000000
-3196.810100
-3056.766170
-2918.134440
-2779.083020
-2640.910740
-2498.291310
-2358.147660
-2218.537850
-2079.952850
-1940.596520
-1800.306990
-1662.292500
-1521.593680
-1380.907760
-1268.169430
-1128.955470
-991.502790
-854.825330
-717.383300
-578.065010
-437.773340
-299.400220
-159.208470
-17.397380
121.437410
259.566880
399.704110
540.019010
680.255310
820.126580
30.000000
-21220.104150
-21080.842660
-20941.283070
-20803.097040
-20663.675990
-20520.570600
-20381.165750
-20240.824420
-20099.822180
-19959.470500
-19818.341210
-19679.269620
-19537.744980
-19397.286150
-19281.641440
-19141.771900
-19003.310890
-18865.937370
-18727.859950
-18587.240920
-18448.163680
-18309.612210
-18169.141350
-18030.546580
-17891.294390
-17755.162110
-17613.212850
-17475.681910
-17336.707090
-17196.650970
30.000000
-3155.155360
-3015.585260
-2875.739940
-2737.127380
-2597.940410
-2452.374860
-2313.513880
-2177.517610
-2038.198210
-1896.456510
-1758.097360
-1621.908010
-1480.301360
-1337.949960
-1223.600160
-1088.040190
-948.485090
-811.089560
-676.395820
-533.652450
-397.576270
-256.142680
-115.892220
23.711500
163.404580
302.032930
442.417740
581.108270
720.845370
860.604380
30.000000
-12182.697260
-12041.388290
-11902.512050
-11762.630200
-11624.111230
-11480.498010
-11340.557280
-11201.088820
-11061.755140
-10922.361120
-10784.014660
-10645.275030
-10504.247290
-10362.822780
-10248.878290
-10108.834060
-9971.621140
-9831.902620
-9696.743970
-9556.600750
-9417.019290
-9277.968240
-9139.342140
-9000.887920
-8862.379820
-8725.391230
-8585.722910
-8445.630580
-8306.658670
-8167.765990
30.000000
5876.940610
6019.422220
6157.337660
6295.774260
6434.669170
6576.985300
6718.317280
6856.444720
6995.476600
7132.275180
7273.364600
7410.821410
7552.611430
7694.062300
7806.530470
7944.850720
8084.526770
8223.177270
8358.790670
8500.225100
8639.739630
8778.973470
8917.803890
9057.620400
9196.791060
9334.840620
9473.425060
9614.429320
9753.221540
9893.283910
30.000000
1376.577110
1520.399130
1657.967380
1796.916870
1935.453000
2077.525140
2215.928180
2353.794730
2496.257310
2635.947920
2773.252150
2913.139240
3050.792830
3194.096410
3306.410140
3446.243070
3583.979570
3723.275540
3859.704050
4000.747250
4136.692380
4276.835740
4417.262020
4555.958200
4695.622980
4835.062800
4974.404360
5112.818370
5251.633080
5390.171570
30.000000
10303.562210
10445.632730
10582.077790
10723.351300
10860.273870
11003.753940
11140.089590
11275.301670
11418.908200
11557.073510
11694.293020
11831.396150
11974.057770
12116.338040
12226.988180
12367.731480
12507.981870
12644.896820
12783.943650
12920.651770
13059.248500
13197.239620
13338.139680
13478.823110
13619.125320
13758.560020
13897.832250
14037.302240
14175.751980
14317.186960
30.000000
-12151.395310
-12006.752420
-11866.636620
-11728.263930
-11590.511190
-11446.173830
-11306.114820
-11166.430530
-11027.445730
-10887.795040
-10750.612010
-10611.050440
-10470.347540
-10327.836270
-10210.456770
-10073.940560
-9937.245900
-9797.329280
-9660.513660
-9520.485870
-9381.320660
-9242.204880
-9103.314900
-8964.430860
-8826.764830
-8688.115700
-8547.979900
-8408.304160
-8271.688710
-8132.362950
30.000000
5814.064470
5953.553350
6091.694440
6230.120410
6368.407390
6511.906760
6651.273670
6791.342170
6930.493530
7068.591650
7207.009840
7346.874270
7485.184820
7626.130800
7741.857830
7876.431610
8016.364520
8154.602930
8292.768030
8434.172470
8573.891650
8713.202610
8854.396370
8995.659480
9132.548330
9271.456190
9410.927050
9550.593850
9690.818780
9830.433690
30.000000
-21099.840680
-20950.019250
-20809.194200
-20670.399660
-20530.287700
-20386.984320
-20245.748280
-20108.789670
-19966.158610
-19823.539240
-19685.325820
-19546.260870
-19407.043490
-19263.644300
-19150.325880
-19011.180040
-18872.047770
-18735.176100
-18594.491260
-18454.328380
-18319.712240
-18179.795510
-18038.733130
-17899.061930
-17760.322540
-17621.213970
-17480.669730
-17343.166790
-17202.194100
-17063.315680
