Point	Grid		
30	32		
1399.213784	2288.514758		
1411.729737	2288.514758		
1426.326308	2288.514758		
1438.605657	2288.514758		
1453.654555	2288.514758		
1465.763619	2288.514758		
1480.465939	2288.514758		
1492.764137	2288.514758		
1507.695932	2288.514758		
1520.012090	2288.514758		
1534.671897	2288.514758		
1547.106719	2288.514758		
1561.702219	2288.514758		
1574.106345	2288.514758		
1588.769052	2288.514758		
1601.459469	2288.514758		
1615.796301	2288.514758		
1628.403941	2288.514758		
1643.011184	2288.514758		
1655.655205	2288.514758		
1670.020919	2288.514758		
1682.539331	2288.514758		
1697.176914	2288.514758		
1709.648777	2288.514758		
1724.235598	2288.514758		
1736.606706	2288.514758		
1751.697252	2288.514758		
1763.892660	2288.514758		
1778.285307	2288.514758		
1790.901510	2288.514758		
1805.573157	2288.514758		
1817.805390	2288.514758		
1399.213784	2302.577682		
1411.729737	2302.577682		
1426.326308	2302.577682		
1438.605657	2302.577682		
1453.654555	2302.577682		
1465.763619	2302.577682		
1480.465939	2302.577682		
1492.764137	2302.577682		
1507.695932	2302.577682		
1520.012090	2302.577682		
1534.671897	2302.577682		
1547.106719	2302.577682		
1561.702219	2302.577682		
1574.106345	2302.577682		
1588.769052	2302.577682		
1601.459469	2302.577682		
1615.796301	2302.577682		
1628.403941	2302.577682		
1643.011184	2302.577682		
1655.655205	2302.577682		
1670.020919	2302.577682		
1682.539331	2302.577682		
1697.176914	2302.577682		
1709.648777	2302.577682		
1724.235598	2302.577682		
1736.606706	2302.577682		
1751.697252	2302.577682		
1763.892660	2302.577682		
1778.285307	2302.577682		
1790.901510	2302.577682		
1805.573157	2302.577682		
1817.805390	2302.577682		
1399.213784	2316.403172		
1411.729737	2316.403172		
1426.326308	2316.403172		
1438.605657	2316.403172		
1453.654555	2316.403172		
1465.763619	2316.403172		
1480.465939	2316.403172		
1492.764137	2316.403172		
1507.695932	2316.403172		
1520.012090	2316.403172		
1534.671897	2316.403172		
1547.106719	2316.403172		
1561.702219	2316.403172		
1574.106345	2316.403172		
1588.769052	2316.403172		
1601.459469	2316.403172		
1615.796301	2316.403172		
1628.403941	2316.403172		
1643.011184	2316.403172		
1655.655205	2316.403172		
1670.020919	2316.403172		
1682.539331	2316.403172		
1697.176914	2316.403172		
1709.648777	2316.403172		
1724.235598	2316.403172		
1736.606706	2316.403172		
1751.697252	2316.403172		
1763.892660	2316.403172		
1778.285307	2316.403172		
1790.901510	2316.403172		
1805.573157	2316.403172		
1817.805390	2316.403172		
1399.213784	2330.342871		
1411.729737	2330.342871		
1426.326308	2330.342871		
1438.605657	2330.342871		
1453.654555	2330.342871		
1465.763619	2330.342871		
1480.465939	2330.342871		
1492.764137	2330.342871		
1507.695932	2330.342871		
1520.012090	2330.342871		
1534.671897	2330.342871		
1547.106719	2330.342871		
1561.702219	2330.342871		
1574.106345	2330.342871		
1588.769052	2330.342871		
1601.459469	2330.342871		
1615.796301	2330.342871		
1628.403941	2330.342871		
1643.011184	2330.342871		
1655.655205	2330.342871		
1670.020919	2330.342871		
1682.539331	2330.342871		
1697.176914	2330.342871		
1709.648777	2330.342871		
1724.235598	2330.342871		
1736.606706	2330.342871		
1751.697252	2330.342871		
1763.892660	2330.342871		
1778.285307	2330.342871		
1790.901510	2330.342871		
1805.573157	2330.342871		
1817.805390	2330.342871		
1399.213784	2344.196956		
1411.729737	2344.196956		
1426.326308	2344.196956		
1438.605657	2344.196956		
1453.654555	2344.196956		
1465.763619	2344.196956		
1480.465939	2344.196956		
1492.764137	2344.196956		
1507.695932	2344.196956		
1520.012090	2344.196956		
1534.671897	2344.196956		
1547.106719	2344.196956		
1561.702219	2344.196956		
1574.106345	2344.196956		
1588.769052	2344.196956		
1601.459469	2344.196956		
1615.796301	2344.196956		
1628.403941	2344.196956		
1643.011184	2344.196956		
1655.655205	2344.196956		
1670.020919	2344.196956		
1682.539331	2344.196956		
1697.176914	2344.196956		
1709.648777	2344.196956		
1724.235598	2344.196956		
1736.606706	2344.196956		
1751.697252	2344.196956		
1763.892660	2344.196956		
1778.285307	2344.196956		
1790.901510	2344.196956		
1805.573157	2344.196956		
1817.805390	2344.196956		
1399.213784	2358.385757		
1411.729737	2358.385757		
1426.326308	2358.385757		
1438.605657	2358.385757		
1453.654555	2358.385757		
1465.763619	2358.385757		
1480.465939	2358.385757		
1492.764137	2358.385757		
1507.695932	2358.385757		
1520.012090	2358.385757		
1534.671897	2358.385757		
1547.106719	2358.385757		
1561.702219	2358.385757		
1574.106345	2358.385757		
1588.769052	2358.385757		
1601.459469	2358.385757		
1615.796301	2358.385757		
1628.403941	2358.385757		
1643.011184	2358.385757		
1655.655205	2358.385757		
1670.020919	2358.385757		
1682.539331	2358.385757		
1697.176914	2358.385757		
1709.648777	2358.385757		
1724.235598	2358.385757		
1736.606706	2358.385757		
1751.697252	2358.385757		
1763.892660	2358.385757		
1778.285307	2358.385757		
1790.901510	2358.385757		
1805.573157	2358.385757		
1817.805390	2358.385757		
1399.213784	2372.359898		
1411.729737	2372.359898		
1426.326308	2372.359898		
1438.605657	2372.359898		
1453.654555	2372.359898		
1465.763619	2372.359898		
1480.465939	2372.359898		
1492.764137	2372.359898		
1507.695932	2372.359898		
1520.012090	2372.359898		
1534.671897	2372.359898		
1547.106719	2372.359898		
1561.702219	2372.359898		
1574.106345	2372.359898		
1588.769052	2372.359898		
1601.459469	2372.359898		
1615.796301	2372.359898		
1628.403941	2372.359898		
1643.011184	2372.359898		
1655.655205	2372.359898		
1670.020919	2372.359898		
1682.539331	2372.359898		
1697.176914	2372.359898		
1709.648777	2372.359898		
1724.235598	2372.359898		
1736.606706	2372.359898		
1751.697252	2372.359898		
1763.892660	2372.359898		
1778.285307	2372.359898		
1790.901510	2372.359898		
1805.573157	2372.359898		
1817.805390	2372.359898		
1399.213784	2386.405124		
1411.729737	2386.405124		
1426.326308	2386.405124		
1438.605657	2386.405124		
1453.654555	2386.405124		
1465.763619	2386.405124		
1480.465939	2386.405124		
1492.764137	2386.405124		
1507.695932	2386.405124		
1520.012090	2386.405124		
1534.671897	2386.405124		
1547.106719	2386.405124		
1561.702219	2386.405124		
1574.106345	2386.405124		
1588.769052	2386.405124		
1601.459469	2386.405124		
1615.796301	2386.405124		
1628.403941	2386.405124		
1643.011184	2386.405124		
1655.655205	2386.405124		
1670.020919	2386.405124		
1682.539331	2386.405124		
1697.176914	2386.405124		
1709.648777	2386.405124		
1724.235598	2386.405124		
1736.606706	2386.405124		
1751.697252	2386.405124		
1763.892660	2386.405124		
1778.285307	2386.405124		
1790.901510	2386.405124		
1805.573157	2386.405124		
1817.805390	2386.405124		
1399.213784	2400.392261		
1411.729737	2400.392261		
1426.326308	2400.392261		
1438.605657	2400.392261		
1453.654555	2400.392261		
1465.763619	2400.392261		
1480.465939	2400.392261		
1492.764137	2400.392261		
1507.695932	2400.392261		
1520.012090	2400.392261		
1534.671897	2400.392261		
1547.106719	2400.392261		
1561.702219	2400.392261		
1574.106345	2400.392261		
1588.769052	2400.392261		
1601.459469	2400.392261		
1615.796301	2400.392261		
1628.403941	2400.392261		
1643.011184	2400.392261		
1655.655205	2400.392261		
1670.020919	2400.392261		
1682.539331	2400.392261		
1697.176914	2400.392261		
1709.648777	2400.392261		
1724.235598	2400.392261		
1736.606706	2400.392261		
1751.697252	2400.392261		
1763.892660	2400.392261		
1778.285307	2400.392261		
1790.901510	2400.392261		
1805.573157	2400.392261		
1817.805390	2400.392261		
1399.213784	2414.423457		
1411.729737	2414.423457		
1426.326308	2414.423457		
1438.605657	2414.423457		
1453.654555	2414.423457		
1465.763619	2414.423457		
1480.465939	2414.423457		
1492.764137	2414.423457		
1507.695932	2414.423457		
1520.012090	2414.423457		
1534.671897	2414.423457		
1547.106719	2414.423457		
1561.702219	2414.423457		
1574.106345	2414.423457		
1588.769052	2414.423457		
1601.459469	2414.423457		
1615.796301	2414.423457		
1628.403941	2414.423457		
1643.011184	2414.423457		
1655.655205	2414.423457		
1670.020919	2414.423457		
1682.539331	2414.423457		
1697.176914	2414.423457		
1709.648777	2414.423457		
1724.235598	2414.423457		
1736.606706	2414.423457		
1751.697252	2414.423457		
1763.892660	2414.423457		
1778.285307	2414.423457		
1790.901510	2414.423457		
1805.573157	2414.423457		
1817.805390	2414.423457		
1399.213784	2428.392467		
1411.729737	2428.392467		
1426.326308	2428.392467		
1438.605657	2428.392467		
1453.654555	2428.392467		
1465.763619	2428.392467		
1480.465939	2428.392467		
1492.764137	2428.392467		
1507.695932	2428.392467		
1520.012090	2428.392467		
1534.671897	2428.392467		
1547.106719	2428.392467		
1561.702219	2428.392467		
1574.106345	2428.392467		
1588.769052	2428.392467		
1601.459469	2428.392467		
1615.796301	2428.392467		
1628.403941	2428.392467		
1643.011184	2428.392467		
1655.655205	2428.392467		
1670.020919	2428.392467		
1682.539331	2428.392467		
1697.176914	2428.392467		
1709.648777	2428.392467		
1724.235598	2428.392467		
1736.606706	2428.392467		
1751.697252	2428.392467		
1763.892660	2428.392467		
1778.285307	2428.392467		
1790.901510	2428.392467		
1805.573157	2428.392467		
1817.805390	2428.392467		
1399.213784	2442.208464		
1411.729737	2442.208464		
1426.326308	2442.208464		
1438.605657	2442.208464		
1453.654555	2442.208464		
1465.763619	2442.208464		
1480.465939	2442.208464		
1492.764137	2442.208464		
1507.695932	2442.208464		
1520.012090	2442.208464		
1534.671897	2442.208464		
1547.106719	2442.208464		
1561.702219	2442.208464		
1574.106345	2442.208464		
1588.769052	2442.208464		
1601.459469	2442.208464		
1615.796301	2442.208464		
1628.403941	2442.208464		
1643.011184	2442.208464		
1655.655205	2442.208464		
1670.020919	2442.208464		
1682.539331	2442.208464		
1697.176914	2442.208464		
1709.648777	2442.208464		
1724.235598	2442.208464		
1736.606706	2442.208464		
1751.697252	2442.208464		
1763.892660	2442.208464		
1778.285307	2442.208464		
1790.901510	2442.208464		
1805.573157	2442.208464		
1817.805390	2442.208464		
1399.213784	2456.135754		
1411.729737	2456.135754		
1426.326308	2456.135754		
1438.605657	2456.135754		
1453.654555	2456.135754		
1465.763619	2456.135754		
1480.465939	2456.135754		
1492.764137	2456.135754		
1507.695932	2456.135754		
1520.012090	2456.135754		
1534.671897	2456.135754		
1547.106719	2456.135754		
1561.702219	2456.135754		
1574.106345	2456.135754		
1588.769052	2456.135754		
1601.459469	2456.135754		
1615.796301	2456.135754		
1628.403941	2456.135754		
1643.011184	2456.135754		
1655.655205	2456.135754		
1670.020919	2456.135754		
1682.539331	2456.135754		
1697.176914	2456.135754		
1709.648777	2456.135754		
1724.235598	2456.135754		
1736.606706	2456.135754		
1751.697252	2456.135754		
1763.892660	2456.135754		
1778.285307	2456.135754		
1790.901510	2456.135754		
1805.573157	2456.135754		
1817.805390	2456.135754		
1399.213784	2470.249258		
1411.729737	2470.249258		
1426.326308	2470.249258		
1438.605657	2470.249258		
1453.654555	2470.249258		
1465.763619	2470.249258		
1480.465939	2470.249258		
1492.764137	2470.249258		
1507.695932	2470.249258		
1520.012090	2470.249258		
1534.671897	2470.249258		
1547.106719	2470.249258		
1561.702219	2470.249258		
1574.106345	2470.249258		
1588.769052	2470.249258		
1601.459469	2470.249258		
1615.796301	2470.249258		
1628.403941	2470.249258		
1643.011184	2470.249258		
1655.655205	2470.249258		
1670.020919	2470.249258		
1682.539331	2470.249258		
1697.176914	2470.249258		
1709.648777	2470.249258		
1724.235598	2470.249258		
1736.606706	2470.249258		
1751.697252	2470.249258		
1763.892660	2470.249258		
1778.285307	2470.249258		
1790.901510	2470.249258		
1805.573157	2470.249258		
1817.805390	2470.249258		
1399.213784	2481.873836		
1411.729737	2481.873836		
1426.326308	2481.873836		
1438.605657	2481.873836		
1453.654555	2481.873836		
1465.763619	2481.873836		
1480.465939	2481.873836		
1492.764137	2481.873836		
1507.695932	2481.873836		
1520.012090	2481.873836		
1534.671897	2481.873836		
1547.106719	2481.873836		
1561.702219	2481.873836		
1574.106345	2481.873836		
1588.769052	2481.873836		
1601.459469	2481.873836		
1615.796301	2481.873836		
1628.403941	2481.873836		
1643.011184	2481.873836		
1655.655205	2481.873836		
1670.020919	2481.873836		
1682.539331	2481.873836		
1697.176914	2481.873836		
1709.648777	2481.873836		
1724.235598	2481.873836		
1736.606706	2481.873836		
1751.697252	2481.873836		
1763.892660	2481.873836		
1778.285307	2481.873836		
1790.901510	2481.873836		
1805.573157	2481.873836		
1817.805390	2481.873836		
1399.213784	2495.733406		
1411.729737	2495.733406		
1426.326308	2495.733406		
1438.605657	2495.733406		
1453.654555	2495.733406		
1465.763619	2495.733406		
1480.465939	2495.733406		
1492.764137	2495.733406		
1507.695932	2495.733406		
1520.012090	2495.733406		
1534.671897	2495.733406		
1547.106719	2495.733406		
1561.702219	2495.733406		
1574.106345	2495.733406		
1588.769052	2495.733406		
1601.459469	2495.733406		
1615.796301	2495.733406		
1628.403941	2495.733406		
1643.011184	2495.733406		
1655.655205	2495.733406		
1670.020919	2495.733406		
1682.539331	2495.733406		
1697.176914	2495.733406		
1709.648777	2495.733406		
1724.235598	2495.733406		
1736.606706	2495.733406		
1751.697252	2495.733406		
1763.892660	2495.733406		
1778.285307	2495.733406		
1790.901510	2495.733406		
1805.573157	2495.733406		
1817.805390	2495.733406		
1399.213784	2509.531240		
1411.729737	2509.531240		
1426.326308	2509.531240		
1438.605657	2509.531240		
1453.654555	2509.531240		
1465.763619	2509.531240		
1480.465939	2509.531240		
1492.764137	2509.531240		
1507.695932	2509.531240		
1520.012090	2509.531240		
1534.671897	2509.531240		
1547.106719	2509.531240		
1561.702219	2509.531240		
1574.106345	2509.531240		
1588.769052	2509.531240		
1601.459469	2509.531240		
1615.796301	2509.531240		
1628.403941	2509.531240		
1643.011184	2509.531240		
1655.655205	2509.531240		
1670.020919	2509.531240		
1682.539331	2509.531240		
1697.176914	2509.531240		
1709.648777	2509.531240		
1724.235598	2509.531240		
1736.606706	2509.531240		
1751.697252	2509.531240		
1763.892660	2509.531240		
1778.285307	2509.531240		
1790.901510	2509.531240		
1805.573157	2509.531240		
1817.805390	2509.531240		
1399.213784	2523.346447		
1411.729737	2523.346447		
1426.326308	2523.346447		
1438.605657	2523.346447		
1453.654555	2523.346447		
1465.763619	2523.346447		
1480.465939	2523.346447		
1492.764137	2523.346447		
1507.695932	2523.346447		
1520.012090	2523.346447		
1534.671897	2523.346447		
1547.106719	2523.346447		
1561.702219	2523.346447		
1574.106345	2523.346447		
1588.769052	2523.346447		
1601.459469	2523.346447		
1615.796301	2523.346447		
1628.403941	2523.346447		
1643.011184	2523.346447		
1655.655205	2523.346447		
1670.020919	2523.346447		
1682.539331	2523.346447		
1697.176914	2523.346447		
1709.648777	2523.346447		
1724.235598	2523.346447		
1736.606706	2523.346447		
1751.697252	2523.346447		
1763.892660	2523.346447		
1778.285307	2523.346447		
1790.901510	2523.346447		
1805.573157	2523.346447		
1817.805390	2523.346447		
1399.213784	2537.208678		
1411.729737	2537.208678		
1426.326308	2537.208678		
1438.605657	2537.208678		
1453.654555	2537.208678		
1465.763619	2537.208678		
1480.465939	2537.208678		
1492.764137	2537.208678		
1507.695932	2537.208678		
1520.012090	2537.208678		
1534.671897	2537.208678		
1547.106719	2537.208678		
1561.702219	2537.208678		
1574.106345	2537.208678		
1588.769052	2537.208678		
1601.459469	2537.208678		
1615.796301	2537.208678		
1628.403941	2537.208678		
1643.011184	2537.208678		
1655.655205	2537.208678		
1670.020919	2537.208678		
1682.539331	2537.208678		
1697.176914	2537.208678		
1709.648777	2537.208678		
1724.235598	2537.208678		
1736.606706	2537.208678		
1751.697252	2537.208678		
1763.892660	2537.208678		
1778.285307	2537.208678		
1790.901510	2537.208678		
1805.573157	2537.208678		
1817.805390	2537.208678		
1399.213784	2551.139293		
1411.729737	2551.139293		
1426.326308	2551.139293		
1438.605657	2551.139293		
1453.654555	2551.139293		
1465.763619	2551.139293		
1480.465939	2551.139293		
1492.764137	2551.139293		
1507.695932	2551.139293		
1520.012090	2551.139293		
1534.671897	2551.139293		
1547.106719	2551.139293		
1561.702219	2551.139293		
1574.106345	2551.139293		
1588.769052	2551.139293		
1601.459469	2551.139293		
1615.796301	2551.139293		
1628.403941	2551.139293		
1643.011184	2551.139293		
1655.655205	2551.139293		
1670.020919	2551.139293		
1682.539331	2551.139293		
1697.176914	2551.139293		
1709.648777	2551.139293		
1724.235598	2551.139293		
1736.606706	2551.139293		
1751.697252	2551.139293		
1763.892660	2551.139293		
1778.285307	2551.139293		
1790.901510	2551.139293		
1805.573157	2551.139293		
1817.805390	2551.139293		
1399.213784	2565.051223		
1411.729737	2565.051223		
1426.326308	2565.051223		
1438.605657	2565.051223		
1453.654555	2565.051223		
1465.763619	2565.051223		
1480.465939	2565.051223		
1492.764137	2565.051223		
1507.695932	2565.051223		
1520.012090	2565.051223		
1534.671897	2565.051223		
1547.106719	2565.051223		
1561.702219	2565.051223		
1574.106345	2565.051223		
1588.769052	2565.051223		
1601.459469	2565.051223		
1615.796301	2565.051223		
1628.403941	2565.051223		
1643.011184	2565.051223		
1655.655205	2565.051223		
1670.020919	2565.051223		
1682.539331	2565.051223		
1697.176914	2565.051223		
1709.648777	2565.051223		
1724.235598	2565.051223		
1736.606706	2565.051223		
1751.697252	2565.051223		
1763.892660	2565.051223		
1778.285307	2565.051223		
1790.901510	2565.051223		
1805.573157	2565.051223		
1817.805390	2565.051223		
1399.213784	2579.014017		
1411.729737	2579.014017		
1426.326308	2579.014017		
1438.605657	2579.014017		
1453.654555	2579.014017		
1465.763619	2579.014017		
1480.465939	2579.014017		
1492.764137	2579.014017		
1507.695932	2579.014017		
1520.012090	2579.014017		
1534.671897	2579.014017		
1547.106719	2579.014017		
1561.702219	2579.014017		
1574.106345	2579.014017		
1588.769052	2579.014017		
1601.459469	2579.014017		
1615.796301	2579.014017		
1628.403941	2579.014017		
1643.011184	2579.014017		
1655.655205	2579.014017		
1670.020919	2579.014017		
1682.539331	2579.014017		
1697.176914	2579.014017		
1709.648777	2579.014017		
1724.235598	2579.014017		
1736.606706	2579.014017		
1751.697252	2579.014017		
1763.892660	2579.014017		
1778.285307	2579.014017		
1790.901510	2579.014017		
1805.573157	2579.014017		
1817.805390	2579.014017		
1399.213784	2593.003288		
1411.729737	2593.003288		
1426.326308	2593.003288		
1438.605657	2593.003288		
1453.654555	2593.003288		
1465.763619	2593.003288		
1480.465939	2593.003288		
1492.764137	2593.003288		
1507.695932	2593.003288		
1520.012090	2593.003288		
1534.671897	2593.003288		
1547.106719	2593.003288		
1561.702219	2593.003288		
1574.106345	2593.003288		
1588.769052	2593.003288		
1601.459469	2593.003288		
1615.796301	2593.003288		
1628.403941	2593.003288		
1643.011184	2593.003288		
1655.655205	2593.003288		
1670.020919	2593.003288		
1682.539331	2593.003288		
1697.176914	2593.003288		
1709.648777	2593.003288		
1724.235598	2593.003288		
1736.606706	2593.003288		
1751.697252	2593.003288		
1763.892660	2593.003288		
1778.285307	2593.003288		
1790.901510	2593.003288		
1805.573157	2593.003288		
1817.805390	2593.003288		
1399.213784	2606.931816		
1411.729737	2606.931816		
1426.326308	2606.931816		
1438.605657	2606.931816		
1453.654555	2606.931816		
1465.763619	2606.931816		
1480.465939	2606.931816		
1492.764137	2606.931816		
1507.695932	2606.931816		
1520.012090	2606.931816		
1534.671897	2606.931816		
1547.106719	2606.931816		
1561.702219	2606.931816		
1574.106345	2606.931816		
1588.769052	2606.931816		
1601.459469	2606.931816		
1615.796301	2606.931816		
1628.403941	2606.931816		
1643.011184	2606.931816		
1655.655205	2606.931816		
1670.020919	2606.931816		
1682.539331	2606.931816		
1697.176914	2606.931816		
1709.648777	2606.931816		
1724.235598	2606.931816		
1736.606706	2606.931816		
1751.697252	2606.931816		
1763.892660	2606.931816		
1778.285307	2606.931816		
1790.901510	2606.931816		
1805.573157	2606.931816		
1817.805390	2606.931816		
1399.213784	2620.921593		
1411.729737	2620.921593		
1426.326308	2620.921593		
1438.605657	2620.921593		
1453.654555	2620.921593		
1465.763619	2620.921593		
1480.465939	2620.921593		
1492.764137	2620.921593		
1507.695932	2620.921593		
1520.012090	2620.921593		
1534.671897	2620.921593		
1547.106719	2620.921593		
1561.702219	2620.921593		
1574.106345	2620.921593		
1588.769052	2620.921593		
1601.459469	2620.921593		
1615.796301	2620.921593		
1628.403941	2620.921593		
1643.011184	2620.921593		
1655.655205	2620.921593		
1670.020919	2620.921593		
1682.539331	2620.921593		
1697.176914	2620.921593		
1709.648777	2620.921593		
1724.235598	2620.921593		
1736.606706	2620.921593		
1751.697252	2620.921593		
1763.892660	2620.921593		
1778.285307	2620.921593		
1790.901510	2620.921593		
1805.573157	2620.921593		
1817.805390	2620.921593		
1399.213784	2634.879356		
1411.729737	2634.879356		
1426.326308	2634.879356		
1438.605657	2634.879356		
1453.654555	2634.879356		
1465.763619	2634.879356		
1480.465939	2634.879356		
1492.764137	2634.879356		
1507.695932	2634.879356		
1520.012090	2634.879356		
1534.671897	2634.879356		
1547.106719	2634.879356		
1561.702219	2634.879356		
1574.106345	2634.879356		
1588.769052	2634.879356		
1601.459469	2634.879356		
1615.796301	2634.879356		
1628.403941	2634.879356		
1643.011184	2634.879356		
1655.655205	2634.879356		
1670.020919	2634.879356		
1682.539331	2634.879356		
1697.176914	2634.879356		
1709.648777	2634.879356		
1724.235598	2634.879356		
1736.606706	2634.879356		
1751.697252	2634.879356		
1763.892660	2634.879356		
1778.285307	2634.879356		
1790.901510	2634.879356		
1805.573157	2634.879356		
1817.805390	2634.879356		
1399.213784	2648.838549		
1411.729737	2648.838549		
1426.326308	2648.838549		
1438.605657	2648.838549		
1453.654555	2648.838549		
1465.763619	2648.838549		
1480.465939	2648.838549		
1492.764137	2648.838549		
1507.695932	2648.838549		
1520.012090	2648.838549		
1534.671897	2648.838549		
1547.106719	2648.838549		
1561.702219	2648.838549		
1574.106345	2648.838549		
1588.769052	2648.838549		
1601.459469	2648.838549		
1615.796301	2648.838549		
1628.403941	2648.838549		
1643.011184	2648.838549		
1655.655205	2648.838549		
1670.020919	2648.838549		
1682.539331	2648.838549		
1697.176914	2648.838549		
1709.648777	2648.838549		
1724.235598	2648.838549		
1736.606706	2648.838549		
1751.697252	2648.838549		
1763.892660	2648.838549		
1778.285307	2648.838549		
1790.901510	2648.838549		
1805.573157	2648.838549		
1817.805390	2648.838549		
1399.213784	2662.792110		
1411.729737	2662.792110		
1426.326308	2662.792110		
1438.605657	2662.792110		
1453.654555	2662.792110		
1465.763619	2662.792110		
1480.465939	2662.792110		
1492.764137	2662.792110		
1507.695932	2662.792110		
1520.012090	2662.792110		
1534.671897	2662.792110		
1547.106719	2662.792110		
1561.702219	2662.792110		
1574.106345	2662.792110		
1588.769052	2662.792110		
1601.459469	2662.792110		
1615.796301	2662.792110		
1628.403941	2662.792110		
1643.011184	2662.792110		
1655.655205	2662.792110		
1670.020919	2662.792110		
1682.539331	2662.792110		
1697.176914	2662.792110		
1709.648777	2662.792110		
1724.235598	2662.792110		
1736.606706	2662.792110		
1751.697252	2662.792110		
1763.892660	2662.792110		
1778.285307	2662.792110		
1790.901510	2662.792110		
1805.573157	2662.792110		
1817.805390	2662.792110		
1399.213784	2676.469892		
1411.729737	2676.469892		
1426.326308	2676.469892		
1438.605657	2676.469892		
1453.654555	2676.469892		
1465.763619	2676.469892		
1480.465939	2676.469892		
1492.764137	2676.469892		
1507.695932	2676.469892		
1520.012090	2676.469892		
1534.671897	2676.469892		
1547.106719	2676.469892		
1561.702219	2676.469892		
1574.106345	2676.469892		
1588.769052	2676.469892		
1601.459469	2676.469892		
1615.796301	2676.469892		
1628.403941	2676.469892		
1643.011184	2676.469892		
1655.655205	2676.469892		
1670.020919	2676.469892		
1682.539331	2676.469892		
1697.176914	2676.469892		
1709.648777	2676.469892		
1724.235598	2676.469892		
1736.606706	2676.469892		
1751.697252	2676.469892		
1763.892660	2676.469892		
1778.285307	2676.469892		
1790.901510	2676.469892		
1805.573157	2676.469892		
1817.805390	2676.469892		
1399.213784	2690.554785		
1411.729737	2690.554785		
1426.326308	2690.554785		
1438.605657	2690.554785		
1453.654555	2690.554785		
1465.763619	2690.554785		
1480.465939	2690.554785		
1492.764137	2690.554785		
1507.695932	2690.554785		
1520.012090	2690.554785		
1534.671897	2690.554785		
1547.106719	2690.554785		
1561.702219	2690.554785		
1574.106345	2690.554785		
1588.769052	2690.554785		
1601.459469	2690.554785		
1615.796301	2690.554785		
1628.403941	2690.554785		
1643.011184	2690.554785		
1655.655205	2690.554785		
1670.020919	2690.554785		
1682.539331	2690.554785		
1697.176914	2690.554785		
1709.648777	2690.554785		
1724.235598	2690.554785		
1736.606706	2690.554785		
1751.697252	2690.554785		
1763.892660	2690.554785		
1778.285307	2690.554785		
1790.901510	2690.554785		
1805.573157	2690.554785		
1817.805390	2690.554785		
