Point	Grid		
30	32		
25.977089	944.910469		
39.052193	944.910469		
54.356834	944.910469		
67.125696	944.910469		
82.772171	944.910469		
95.349689	944.910469		
110.849107	944.910469		
123.832026	944.910469		
139.064798	944.910469		
151.887862	944.910469		
167.101200	944.910469		
179.827231	944.910469		
194.946482	944.910469		
207.874675	944.910469		
222.899053	944.910469		
235.890587	944.910469		
250.792752	944.910469		
263.350821	944.910469		
278.352626	944.910469		
291.140752	944.910469		
306.121381	944.910469		
318.888024	944.910469		
333.887372	944.910469		
346.422974	944.910469		
361.205294	944.910469		
374.008571	944.910469		
389.021113	944.910469		
401.493997	944.910469		
416.462981	944.910469		
428.785102	944.910469		
444.025779	944.910469		
456.320943	944.910469		
25.977089	959.374758		
39.052193	959.374758		
54.356834	959.374758		
67.125696	959.374758		
82.772171	959.374758		
95.349689	959.374758		
110.849107	959.374758		
123.832026	959.374758		
139.064798	959.374758		
151.887862	959.374758		
167.101200	959.374758		
179.827231	959.374758		
194.946482	959.374758		
207.874675	959.374758		
222.899053	959.374758		
235.890587	959.374758		
250.792752	959.374758		
263.350821	959.374758		
278.352626	959.374758		
291.140752	959.374758		
306.121381	959.374758		
318.888024	959.374758		
333.887372	959.374758		
346.422974	959.374758		
361.205294	959.374758		
374.008571	959.374758		
389.021113	959.374758		
401.493997	959.374758		
416.462981	959.374758		
428.785102	959.374758		
444.025779	959.374758		
456.320943	959.374758		
25.977089	973.386338		
39.052193	973.386338		
54.356834	973.386338		
67.125696	973.386338		
82.772171	973.386338		
95.349689	973.386338		
110.849107	973.386338		
123.832026	973.386338		
139.064798	973.386338		
151.887862	973.386338		
167.101200	973.386338		
179.827231	973.386338		
194.946482	973.386338		
207.874675	973.386338		
222.899053	973.386338		
235.890587	973.386338		
250.792752	973.386338		
263.350821	973.386338		
278.352626	973.386338		
291.140752	973.386338		
306.121381	973.386338		
318.888024	973.386338		
333.887372	973.386338		
346.422974	973.386338		
361.205294	973.386338		
374.008571	973.386338		
389.021113	973.386338		
401.493997	973.386338		
416.462981	973.386338		
428.785102	973.386338		
444.025779	973.386338		
456.320943	973.386338		
25.977089	987.223607		
39.052193	987.223607		
54.356834	987.223607		
67.125696	987.223607		
82.772171	987.223607		
95.349689	987.223607		
110.849107	987.223607		
123.832026	987.223607		
139.064798	987.223607		
151.887862	987.223607		
167.101200	987.223607		
179.827231	987.223607		
194.946482	987.223607		
207.874675	987.223607		
222.899053	987.223607		
235.890587	987.223607		
250.792752	987.223607		
263.350821	987.223607		
278.352626	987.223607		
291.140752	987.223607		
306.121381	987.223607		
318.888024	987.223607		
333.887372	987.223607		
346.422974	987.223607		
361.205294	987.223607		
374.008571	987.223607		
389.021113	987.223607		
401.493997	987.223607		
416.462981	987.223607		
428.785102	987.223607		
444.025779	987.223607		
456.320943	987.223607		
25.977089	1000.998881		
39.052193	1000.998881		
54.356834	1000.998881		
67.125696	1000.998881		
82.772171	1000.998881		
95.349689	1000.998881		
110.849107	1000.998881		
123.832026	1000.998881		
139.064798	1000.998881		
151.887862	1000.998881		
167.101200	1000.998881		
179.827231	1000.998881		
194.946482	1000.998881		
207.874675	1000.998881		
222.899053	1000.998881		
235.890587	1000.998881		
250.792752	1000.998881		
263.350821	1000.998881		
278.352626	1000.998881		
291.140752	1000.998881		
306.121381	1000.998881		
318.888024	1000.998881		
333.887372	1000.998881		
346.422974	1000.998881		
361.205294	1000.998881		
374.008571	1000.998881		
389.021113	1000.998881		
401.493997	1000.998881		
416.462981	1000.998881		
428.785102	1000.998881		
444.025779	1000.998881		
456.320943	1000.998881		
25.977089	1015.432617		
39.052193	1015.432617		
54.356834	1015.432617		
67.125696	1015.432617		
82.772171	1015.432617		
95.349689	1015.432617		
110.849107	1015.432617		
123.832026	1015.432617		
139.064798	1015.432617		
151.887862	1015.432617		
167.101200	1015.432617		
179.827231	1015.432617		
194.946482	1015.432617		
207.874675	1015.432617		
222.899053	1015.432617		
235.890587	1015.432617		
250.792752	1015.432617		
263.350821	1015.432617		
278.352626	1015.432617		
291.140752	1015.432617		
306.121381	1015.432617		
318.888024	1015.432617		
333.887372	1015.432617		
346.422974	1015.432617		
361.205294	1015.432617		
374.008571	1015.432617		
389.021113	1015.432617		
401.493997	1015.432617		
416.462981	1015.432617		
428.785102	1015.432617		
444.025779	1015.432617		
456.320943	1015.432617		
25.977089	1029.438518		
39.052193	1029.438518		
54.356834	1029.438518		
67.125696	1029.438518		
82.772171	1029.438518		
95.349689	1029.438518		
110.849107	1029.438518		
123.832026	1029.438518		
139.064798	1029.438518		
151.887862	1029.438518		
167.101200	1029.438518		
179.827231	1029.438518		
194.946482	1029.438518		
207.874675	1029.438518		
222.899053	1029.438518		
235.890587	1029.438518		
250.792752	1029.438518		
263.350821	1029.438518		
278.352626	1029.438518		
291.140752	1029.438518		
306.121381	1029.438518		
318.888024	1029.438518		
333.887372	1029.438518		
346.422974	1029.438518		
361.205294	1029.438518		
374.008571	1029.438518		
389.021113	1029.438518		
401.493997	1029.438518		
416.462981	1029.438518		
428.785102	1029.438518		
444.025779	1029.438518		
456.320943	1029.438518		
25.977089	1043.406947		
39.052193	1043.406947		
54.356834	1043.406947		
67.125696	1043.406947		
82.772171	1043.406947		
95.349689	1043.406947		
110.849107	1043.406947		
123.832026	1043.406947		
139.064798	1043.406947		
151.887862	1043.406947		
167.101200	1043.406947		
179.827231	1043.406947		
194.946482	1043.406947		
207.874675	1043.406947		
222.899053	1043.406947		
235.890587	1043.406947		
250.792752	1043.406947		
263.350821	1043.406947		
278.352626	1043.406947		
291.140752	1043.406947		
306.121381	1043.406947		
318.888024	1043.406947		
333.887372	1043.406947		
346.422974	1043.406947		
361.205294	1043.406947		
374.008571	1043.406947		
389.021113	1043.406947		
401.493997	1043.406947		
416.462981	1043.406947		
428.785102	1043.406947		
444.025779	1043.406947		
456.320943	1043.406947		
25.977089	1057.305427		
39.052193	1057.305427		
54.356834	1057.305427		
67.125696	1057.305427		
82.772171	1057.305427		
95.349689	1057.305427		
110.849107	1057.305427		
123.832026	1057.305427		
139.064798	1057.305427		
151.887862	1057.305427		
167.101200	1057.305427		
179.827231	1057.305427		
194.946482	1057.305427		
207.874675	1057.305427		
222.899053	1057.305427		
235.890587	1057.305427		
250.792752	1057.305427		
263.350821	1057.305427		
278.352626	1057.305427		
291.140752	1057.305427		
306.121381	1057.305427		
318.888024	1057.305427		
333.887372	1057.305427		
346.422974	1057.305427		
361.205294	1057.305427		
374.008571	1057.305427		
389.021113	1057.305427		
401.493997	1057.305427		
416.462981	1057.305427		
428.785102	1057.305427		
444.025779	1057.305427		
456.320943	1057.305427		
25.977089	1071.270496		
39.052193	1071.270496		
54.356834	1071.270496		
67.125696	1071.270496		
82.772171	1071.270496		
95.349689	1071.270496		
110.849107	1071.270496		
123.832026	1071.270496		
139.064798	1071.270496		
151.887862	1071.270496		
167.101200	1071.270496		
179.827231	1071.270496		
194.946482	1071.270496		
207.874675	1071.270496		
222.899053	1071.270496		
235.890587	1071.270496		
250.792752	1071.270496		
263.350821	1071.270496		
278.352626	1071.270496		
291.140752	1071.270496		
306.121381	1071.270496		
318.888024	1071.270496		
333.887372	1071.270496		
346.422974	1071.270496		
361.205294	1071.270496		
374.008571	1071.270496		
389.021113	1071.270496		
401.493997	1071.270496		
416.462981	1071.270496		
428.785102	1071.270496		
444.025779	1071.270496		
456.320943	1071.270496		
25.977089	1084.988799		
39.052193	1084.988799		
54.356834	1084.988799		
67.125696	1084.988799		
82.772171	1084.988799		
95.349689	1084.988799		
110.849107	1084.988799		
123.832026	1084.988799		
139.064798	1084.988799		
151.887862	1084.988799		
167.101200	1084.988799		
179.827231	1084.988799		
194.946482	1084.988799		
207.874675	1084.988799		
222.899053	1084.988799		
235.890587	1084.988799		
250.792752	1084.988799		
263.350821	1084.988799		
278.352626	1084.988799		
291.140752	1084.988799		
306.121381	1084.988799		
318.888024	1084.988799		
333.887372	1084.988799		
346.422974	1084.988799		
361.205294	1084.988799		
374.008571	1084.988799		
389.021113	1084.988799		
401.493997	1084.988799		
416.462981	1084.988799		
428.785102	1084.988799		
444.025779	1084.988799		
456.320943	1084.988799		
25.977089	1098.944956		
39.052193	1098.944956		
54.356834	1098.944956		
67.125696	1098.944956		
82.772171	1098.944956		
95.349689	1098.944956		
110.849107	1098.944956		
123.832026	1098.944956		
139.064798	1098.944956		
151.887862	1098.944956		
167.101200	1098.944956		
179.827231	1098.944956		
194.946482	1098.944956		
207.874675	1098.944956		
222.899053	1098.944956		
235.890587	1098.944956		
250.792752	1098.944956		
263.350821	1098.944956		
278.352626	1098.944956		
291.140752	1098.944956		
306.121381	1098.944956		
318.888024	1098.944956		
333.887372	1098.944956		
346.422974	1098.944956		
361.205294	1098.944956		
374.008571	1098.944956		
389.021113	1098.944956		
401.493997	1098.944956		
416.462981	1098.944956		
428.785102	1098.944956		
444.025779	1098.944956		
456.320943	1098.944956		
25.977089	1113.015246		
39.052193	1113.015246		
54.356834	1113.015246		
67.125696	1113.015246		
82.772171	1113.015246		
95.349689	1113.015246		
110.849107	1113.015246		
123.832026	1113.015246		
139.064798	1113.015246		
151.887862	1113.015246		
167.101200	1113.015246		
179.827231	1113.015246		
194.946482	1113.015246		
207.874675	1113.015246		
222.899053	1113.015246		
235.890587	1113.015246		
250.792752	1113.015246		
263.350821	1113.015246		
278.352626	1113.015246		
291.140752	1113.015246		
306.121381	1113.015246		
318.888024	1113.015246		
333.887372	1113.015246		
346.422974	1113.015246		
361.205294	1113.015246		
374.008571	1113.015246		
389.021113	1113.015246		
401.493997	1113.015246		
416.462981	1113.015246		
428.785102	1113.015246		
444.025779	1113.015246		
456.320943	1113.015246		
25.977089	1127.266373		
39.052193	1127.266373		
54.356834	1127.266373		
67.125696	1127.266373		
82.772171	1127.266373		
95.349689	1127.266373		
110.849107	1127.266373		
123.832026	1127.266373		
139.064798	1127.266373		
151.887862	1127.266373		
167.101200	1127.266373		
179.827231	1127.266373		
194.946482	1127.266373		
207.874675	1127.266373		
222.899053	1127.266373		
235.890587	1127.266373		
250.792752	1127.266373		
263.350821	1127.266373		
278.352626	1127.266373		
291.140752	1127.266373		
306.121381	1127.266373		
318.888024	1127.266373		
333.887372	1127.266373		
346.422974	1127.266373		
361.205294	1127.266373		
374.008571	1127.266373		
389.021113	1127.266373		
401.493997	1127.266373		
416.462981	1127.266373		
428.785102	1127.266373		
444.025779	1127.266373		
456.320943	1127.266373		
25.977089	1139.004323		
39.052193	1139.004323		
54.356834	1139.004323		
67.125696	1139.004323		
82.772171	1139.004323		
95.349689	1139.004323		
110.849107	1139.004323		
123.832026	1139.004323		
139.064798	1139.004323		
151.887862	1139.004323		
167.101200	1139.004323		
179.827231	1139.004323		
194.946482	1139.004323		
207.874675	1139.004323		
222.899053	1139.004323		
235.890587	1139.004323		
250.792752	1139.004323		
263.350821	1139.004323		
278.352626	1139.004323		
291.140752	1139.004323		
306.121381	1139.004323		
318.888024	1139.004323		
333.887372	1139.004323		
346.422974	1139.004323		
361.205294	1139.004323		
374.008571	1139.004323		
389.021113	1139.004323		
401.493997	1139.004323		
416.462981	1139.004323		
428.785102	1139.004323		
444.025779	1139.004323		
456.320943	1139.004323		
25.977089	1152.655944		
39.052193	1152.655944		
54.356834	1152.655944		
67.125696	1152.655944		
82.772171	1152.655944		
95.349689	1152.655944		
110.849107	1152.655944		
123.832026	1152.655944		
139.064798	1152.655944		
151.887862	1152.655944		
167.101200	1152.655944		
179.827231	1152.655944		
194.946482	1152.655944		
207.874675	1152.655944		
222.899053	1152.655944		
235.890587	1152.655944		
250.792752	1152.655944		
263.350821	1152.655944		
278.352626	1152.655944		
291.140752	1152.655944		
306.121381	1152.655944		
318.888024	1152.655944		
333.887372	1152.655944		
346.422974	1152.655944		
361.205294	1152.655944		
374.008571	1152.655944		
389.021113	1152.655944		
401.493997	1152.655944		
416.462981	1152.655944		
428.785102	1152.655944		
444.025779	1152.655944		
456.320943	1152.655944		
25.977089	1166.325410		
39.052193	1166.325410		
54.356834	1166.325410		
67.125696	1166.325410		
82.772171	1166.325410		
95.349689	1166.325410		
110.849107	1166.325410		
123.832026	1166.325410		
139.064798	1166.325410		
151.887862	1166.325410		
167.101200	1166.325410		
179.827231	1166.325410		
194.946482	1166.325410		
207.874675	1166.325410		
222.899053	1166.325410		
235.890587	1166.325410		
250.792752	1166.325410		
263.350821	1166.325410		
278.352626	1166.325410		
291.140752	1166.325410		
306.121381	1166.325410		
318.888024	1166.325410		
333.887372	1166.325410		
346.422974	1166.325410		
361.205294	1166.325410		
374.008571	1166.325410		
389.021113	1166.325410		
401.493997	1166.325410		
416.462981	1166.325410		
428.785102	1166.325410		
444.025779	1166.325410		
456.320943	1166.325410		
25.977089	1180.317072		
39.052193	1180.317072		
54.356834	1180.317072		
67.125696	1180.317072		
82.772171	1180.317072		
95.349689	1180.317072		
110.849107	1180.317072		
123.832026	1180.317072		
139.064798	1180.317072		
151.887862	1180.317072		
167.101200	1180.317072		
179.827231	1180.317072		
194.946482	1180.317072		
207.874675	1180.317072		
222.899053	1180.317072		
235.890587	1180.317072		
250.792752	1180.317072		
263.350821	1180.317072		
278.352626	1180.317072		
291.140752	1180.317072		
306.121381	1180.317072		
318.888024	1180.317072		
333.887372	1180.317072		
346.422974	1180.317072		
361.205294	1180.317072		
374.008571	1180.317072		
389.021113	1180.317072		
401.493997	1180.317072		
416.462981	1180.317072		
428.785102	1180.317072		
444.025779	1180.317072		
456.320943	1180.317072		
25.977089	1193.998634		
39.052193	1193.998634		
54.356834	1193.998634		
67.125696	1193.998634		
82.772171	1193.998634		
95.349689	1193.998634		
110.849107	1193.998634		
123.832026	1193.998634		
139.064798	1193.998634		
151.887862	1193.998634		
167.101200	1193.998634		
179.827231	1193.998634		
194.946482	1193.998634		
207.874675	1193.998634		
222.899053	1193.998634		
235.890587	1193.998634		
250.792752	1193.998634		
263.350821	1193.998634		
278.352626	1193.998634		
291.140752	1193.998634		
306.121381	1193.998634		
318.888024	1193.998634		
333.887372	1193.998634		
346.422974	1193.998634		
361.205294	1193.998634		
374.008571	1193.998634		
389.021113	1193.998634		
401.493997	1193.998634		
416.462981	1193.998634		
428.785102	1193.998634		
444.025779	1193.998634		
456.320943	1193.998634		
25.977089	1208.001413		
39.052193	1208.001413		
54.356834	1208.001413		
67.125696	1208.001413		
82.772171	1208.001413		
95.349689	1208.001413		
110.849107	1208.001413		
123.832026	1208.001413		
139.064798	1208.001413		
151.887862	1208.001413		
167.101200	1208.001413		
179.827231	1208.001413		
194.946482	1208.001413		
207.874675	1208.001413		
222.899053	1208.001413		
235.890587	1208.001413		
250.792752	1208.001413		
263.350821	1208.001413		
278.352626	1208.001413		
291.140752	1208.001413		
306.121381	1208.001413		
318.888024	1208.001413		
333.887372	1208.001413		
346.422974	1208.001413		
361.205294	1208.001413		
374.008571	1208.001413		
389.021113	1208.001413		
401.493997	1208.001413		
416.462981	1208.001413		
428.785102	1208.001413		
444.025779	1208.001413		
456.320943	1208.001413		
25.977089	1221.917934		
39.052193	1221.917934		
54.356834	1221.917934		
67.125696	1221.917934		
82.772171	1221.917934		
95.349689	1221.917934		
110.849107	1221.917934		
123.832026	1221.917934		
139.064798	1221.917934		
151.887862	1221.917934		
167.101200	1221.917934		
179.827231	1221.917934		
194.946482	1221.917934		
207.874675	1221.917934		
222.899053	1221.917934		
235.890587	1221.917934		
250.792752	1221.917934		
263.350821	1221.917934		
278.352626	1221.917934		
291.140752	1221.917934		
306.121381	1221.917934		
318.888024	1221.917934		
333.887372	1221.917934		
346.422974	1221.917934		
361.205294	1221.917934		
374.008571	1221.917934		
389.021113	1221.917934		
401.493997	1221.917934		
416.462981	1221.917934		
428.785102	1221.917934		
444.025779	1221.917934		
456.320943	1221.917934		
25.977089	1235.829512		
39.052193	1235.829512		
54.356834	1235.829512		
67.125696	1235.829512		
82.772171	1235.829512		
95.349689	1235.829512		
110.849107	1235.829512		
123.832026	1235.829512		
139.064798	1235.829512		
151.887862	1235.829512		
167.101200	1235.829512		
179.827231	1235.829512		
194.946482	1235.829512		
207.874675	1235.829512		
222.899053	1235.829512		
235.890587	1235.829512		
250.792752	1235.829512		
263.350821	1235.829512		
278.352626	1235.829512		
291.140752	1235.829512		
306.121381	1235.829512		
318.888024	1235.829512		
333.887372	1235.829512		
346.422974	1235.829512		
361.205294	1235.829512		
374.008571	1235.829512		
389.021113	1235.829512		
401.493997	1235.829512		
416.462981	1235.829512		
428.785102	1235.829512		
444.025779	1235.829512		
456.320943	1235.829512		
25.977089	1249.718510		
39.052193	1249.718510		
54.356834	1249.718510		
67.125696	1249.718510		
82.772171	1249.718510		
95.349689	1249.718510		
110.849107	1249.718510		
123.832026	1249.718510		
139.064798	1249.718510		
151.887862	1249.718510		
167.101200	1249.718510		
179.827231	1249.718510		
194.946482	1249.718510		
207.874675	1249.718510		
222.899053	1249.718510		
235.890587	1249.718510		
250.792752	1249.718510		
263.350821	1249.718510		
278.352626	1249.718510		
291.140752	1249.718510		
306.121381	1249.718510		
318.888024	1249.718510		
333.887372	1249.718510		
346.422974	1249.718510		
361.205294	1249.718510		
374.008571	1249.718510		
389.021113	1249.718510		
401.493997	1249.718510		
416.462981	1249.718510		
428.785102	1249.718510		
444.025779	1249.718510		
456.320943	1249.718510		
25.977089	1263.606914		
39.052193	1263.606914		
54.356834	1263.606914		
67.125696	1263.606914		
82.772171	1263.606914		
95.349689	1263.606914		
110.849107	1263.606914		
123.832026	1263.606914		
139.064798	1263.606914		
151.887862	1263.606914		
167.101200	1263.606914		
179.827231	1263.606914		
194.946482	1263.606914		
207.874675	1263.606914		
222.899053	1263.606914		
235.890587	1263.606914		
250.792752	1263.606914		
263.350821	1263.606914		
278.352626	1263.606914		
291.140752	1263.606914		
306.121381	1263.606914		
318.888024	1263.606914		
333.887372	1263.606914		
346.422974	1263.606914		
361.205294	1263.606914		
374.008571	1263.606914		
389.021113	1263.606914		
401.493997	1263.606914		
416.462981	1263.606914		
428.785102	1263.606914		
444.025779	1263.606914		
456.320943	1263.606914		
25.977089	1277.373517		
39.052193	1277.373517		
54.356834	1277.373517		
67.125696	1277.373517		
82.772171	1277.373517		
95.349689	1277.373517		
110.849107	1277.373517		
123.832026	1277.373517		
139.064798	1277.373517		
151.887862	1277.373517		
167.101200	1277.373517		
179.827231	1277.373517		
194.946482	1277.373517		
207.874675	1277.373517		
222.899053	1277.373517		
235.890587	1277.373517		
250.792752	1277.373517		
263.350821	1277.373517		
278.352626	1277.373517		
291.140752	1277.373517		
306.121381	1277.373517		
318.888024	1277.373517		
333.887372	1277.373517		
346.422974	1277.373517		
361.205294	1277.373517		
374.008571	1277.373517		
389.021113	1277.373517		
401.493997	1277.373517		
416.462981	1277.373517		
428.785102	1277.373517		
444.025779	1277.373517		
456.320943	1277.373517		
25.977089	1291.238430		
39.052193	1291.238430		
54.356834	1291.238430		
67.125696	1291.238430		
82.772171	1291.238430		
95.349689	1291.238430		
110.849107	1291.238430		
123.832026	1291.238430		
139.064798	1291.238430		
151.887862	1291.238430		
167.101200	1291.238430		
179.827231	1291.238430		
194.946482	1291.238430		
207.874675	1291.238430		
222.899053	1291.238430		
235.890587	1291.238430		
250.792752	1291.238430		
263.350821	1291.238430		
278.352626	1291.238430		
291.140752	1291.238430		
306.121381	1291.238430		
318.888024	1291.238430		
333.887372	1291.238430		
346.422974	1291.238430		
361.205294	1291.238430		
374.008571	1291.238430		
389.021113	1291.238430		
401.493997	1291.238430		
416.462981	1291.238430		
428.785102	1291.238430		
444.025779	1291.238430		
456.320943	1291.238430		
25.977089	1305.252010		
39.052193	1305.252010		
54.356834	1305.252010		
67.125696	1305.252010		
82.772171	1305.252010		
95.349689	1305.252010		
110.849107	1305.252010		
123.832026	1305.252010		
139.064798	1305.252010		
151.887862	1305.252010		
167.101200	1305.252010		
179.827231	1305.252010		
194.946482	1305.252010		
207.874675	1305.252010		
222.899053	1305.252010		
235.890587	1305.252010		
250.792752	1305.252010		
263.350821	1305.252010		
278.352626	1305.252010		
291.140752	1305.252010		
306.121381	1305.252010		
318.888024	1305.252010		
333.887372	1305.252010		
346.422974	1305.252010		
361.205294	1305.252010		
374.008571	1305.252010		
389.021113	1305.252010		
401.493997	1305.252010		
416.462981	1305.252010		
428.785102	1305.252010		
444.025779	1305.252010		
456.320943	1305.252010		
25.977089	1319.219584		
39.052193	1319.219584		
54.356834	1319.219584		
67.125696	1319.219584		
82.772171	1319.219584		
95.349689	1319.219584		
110.849107	1319.219584		
123.832026	1319.219584		
139.064798	1319.219584		
151.887862	1319.219584		
167.101200	1319.219584		
179.827231	1319.219584		
194.946482	1319.219584		
207.874675	1319.219584		
222.899053	1319.219584		
235.890587	1319.219584		
250.792752	1319.219584		
263.350821	1319.219584		
278.352626	1319.219584		
291.140752	1319.219584		
306.121381	1319.219584		
318.888024	1319.219584		
333.887372	1319.219584		
346.422974	1319.219584		
361.205294	1319.219584		
374.008571	1319.219584		
389.021113	1319.219584		
401.493997	1319.219584		
416.462981	1319.219584		
428.785102	1319.219584		
444.025779	1319.219584		
456.320943	1319.219584		
25.977089	1332.881129		
39.052193	1332.881129		
54.356834	1332.881129		
67.125696	1332.881129		
82.772171	1332.881129		
95.349689	1332.881129		
110.849107	1332.881129		
123.832026	1332.881129		
139.064798	1332.881129		
151.887862	1332.881129		
167.101200	1332.881129		
179.827231	1332.881129		
194.946482	1332.881129		
207.874675	1332.881129		
222.899053	1332.881129		
235.890587	1332.881129		
250.792752	1332.881129		
263.350821	1332.881129		
278.352626	1332.881129		
291.140752	1332.881129		
306.121381	1332.881129		
318.888024	1332.881129		
333.887372	1332.881129		
346.422974	1332.881129		
361.205294	1332.881129		
374.008571	1332.881129		
389.021113	1332.881129		
401.493997	1332.881129		
416.462981	1332.881129		
428.785102	1332.881129		
444.025779	1332.881129		
456.320943	1332.881129		
25.977089	1346.813705		
39.052193	1346.813705		
54.356834	1346.813705		
67.125696	1346.813705		
82.772171	1346.813705		
95.349689	1346.813705		
110.849107	1346.813705		
123.832026	1346.813705		
139.064798	1346.813705		
151.887862	1346.813705		
167.101200	1346.813705		
179.827231	1346.813705		
194.946482	1346.813705		
207.874675	1346.813705		
222.899053	1346.813705		
235.890587	1346.813705		
250.792752	1346.813705		
263.350821	1346.813705		
278.352626	1346.813705		
291.140752	1346.813705		
306.121381	1346.813705		
318.888024	1346.813705		
333.887372	1346.813705		
346.422974	1346.813705		
361.205294	1346.813705		
374.008571	1346.813705		
389.021113	1346.813705		
401.493997	1346.813705		
416.462981	1346.813705		
428.785102	1346.813705		
444.025779	1346.813705		
456.320943	1346.813705		
