Point	Grid		
30	32		
488.668000	944.714039		
501.373305	944.714039		
516.406690	944.714039		
528.655181	944.714039		
543.618909	944.714039		
555.844477	944.714039		
571.047022	944.714039		
583.456353	944.714039		
598.380552	944.714039		
610.828926	944.714039		
625.671631	944.714039		
638.181556	944.714039		
652.849840	944.714039		
665.553240	944.714039		
680.129154	944.714039		
692.853223	944.714039		
707.656335	944.714039		
719.969042	944.714039		
734.827039	944.714039		
747.019981	944.714039		
761.935867	944.714039		
774.551962	944.714039		
789.376008	944.714039		
801.628019	944.714039		
816.474833	944.714039		
828.823864	944.714039		
843.388342	944.714039		
855.951812	944.714039		
870.469676	944.714039		
882.976567	944.714039		
897.800323	944.714039		
910.371796	944.714039		
488.668000	958.739709		
501.373305	958.739709		
516.406690	958.739709		
528.655181	958.739709		
543.618909	958.739709		
555.844477	958.739709		
571.047022	958.739709		
583.456353	958.739709		
598.380552	958.739709		
610.828926	958.739709		
625.671631	958.739709		
638.181556	958.739709		
652.849840	958.739709		
665.553240	958.739709		
680.129154	958.739709		
692.853223	958.739709		
707.656335	958.739709		
719.969042	958.739709		
734.827039	958.739709		
747.019981	958.739709		
761.935867	958.739709		
774.551962	958.739709		
789.376008	958.739709		
801.628019	958.739709		
816.474833	958.739709		
828.823864	958.739709		
843.388342	958.739709		
855.951812	958.739709		
870.469676	958.739709		
882.976567	958.739709		
897.800323	958.739709		
910.371796	958.739709		
488.668000	972.797801		
501.373305	972.797801		
516.406690	972.797801		
528.655181	972.797801		
543.618909	972.797801		
555.844477	972.797801		
571.047022	972.797801		
583.456353	972.797801		
598.380552	972.797801		
610.828926	972.797801		
625.671631	972.797801		
638.181556	972.797801		
652.849840	972.797801		
665.553240	972.797801		
680.129154	972.797801		
692.853223	972.797801		
707.656335	972.797801		
719.969042	972.797801		
734.827039	972.797801		
747.019981	972.797801		
761.935867	972.797801		
774.551962	972.797801		
789.376008	972.797801		
801.628019	972.797801		
816.474833	972.797801		
828.823864	972.797801		
843.388342	972.797801		
855.951812	972.797801		
870.469676	972.797801		
882.976567	972.797801		
897.800323	972.797801		
910.371796	972.797801		
488.668000	986.679854		
501.373305	986.679854		
516.406690	986.679854		
528.655181	986.679854		
543.618909	986.679854		
555.844477	986.679854		
571.047022	986.679854		
583.456353	986.679854		
598.380552	986.679854		
610.828926	986.679854		
625.671631	986.679854		
638.181556	986.679854		
652.849840	986.679854		
665.553240	986.679854		
680.129154	986.679854		
692.853223	986.679854		
707.656335	986.679854		
719.969042	986.679854		
734.827039	986.679854		
747.019981	986.679854		
761.935867	986.679854		
774.551962	986.679854		
789.376008	986.679854		
801.628019	986.679854		
816.474833	986.679854		
828.823864	986.679854		
843.388342	986.679854		
855.951812	986.679854		
870.469676	986.679854		
882.976567	986.679854		
897.800323	986.679854		
910.371796	986.679854		
488.668000	1000.599953		
501.373305	1000.599953		
516.406690	1000.599953		
528.655181	1000.599953		
543.618909	1000.599953		
555.844477	1000.599953		
571.047022	1000.599953		
583.456353	1000.599953		
598.380552	1000.599953		
610.828926	1000.599953		
625.671631	1000.599953		
638.181556	1000.599953		
652.849840	1000.599953		
665.553240	1000.599953		
680.129154	1000.599953		
692.853223	1000.599953		
707.656335	1000.599953		
719.969042	1000.599953		
734.827039	1000.599953		
747.019981	1000.599953		
761.935867	1000.599953		
774.551962	1000.599953		
789.376008	1000.599953		
801.628019	1000.599953		
816.474833	1000.599953		
828.823864	1000.599953		
843.388342	1000.599953		
855.951812	1000.599953		
870.469676	1000.599953		
882.976567	1000.599953		
897.800323	1000.599953		
910.371796	1000.599953		
488.668000	1014.915333		
501.373305	1014.915333		
516.406690	1014.915333		
528.655181	1014.915333		
543.618909	1014.915333		
555.844477	1014.915333		
571.047022	1014.915333		
583.456353	1014.915333		
598.380552	1014.915333		
610.828926	1014.915333		
625.671631	1014.915333		
638.181556	1014.915333		
652.849840	1014.915333		
665.553240	1014.915333		
680.129154	1014.915333		
692.853223	1014.915333		
707.656335	1014.915333		
719.969042	1014.915333		
734.827039	1014.915333		
747.019981	1014.915333		
761.935867	1014.915333		
774.551962	1014.915333		
789.376008	1014.915333		
801.628019	1014.915333		
816.474833	1014.915333		
828.823864	1014.915333		
843.388342	1014.915333		
855.951812	1014.915333		
870.469676	1014.915333		
882.976567	1014.915333		
897.800323	1014.915333		
910.371796	1014.915333		
488.668000	1028.841826		
501.373305	1028.841826		
516.406690	1028.841826		
528.655181	1028.841826		
543.618909	1028.841826		
555.844477	1028.841826		
571.047022	1028.841826		
583.456353	1028.841826		
598.380552	1028.841826		
610.828926	1028.841826		
625.671631	1028.841826		
638.181556	1028.841826		
652.849840	1028.841826		
665.553240	1028.841826		
680.129154	1028.841826		
692.853223	1028.841826		
707.656335	1028.841826		
719.969042	1028.841826		
734.827039	1028.841826		
747.019981	1028.841826		
761.935867	1028.841826		
774.551962	1028.841826		
789.376008	1028.841826		
801.628019	1028.841826		
816.474833	1028.841826		
828.823864	1028.841826		
843.388342	1028.841826		
855.951812	1028.841826		
870.469676	1028.841826		
882.976567	1028.841826		
897.800323	1028.841826		
910.371796	1028.841826		
488.668000	1042.882594		
501.373305	1042.882594		
516.406690	1042.882594		
528.655181	1042.882594		
543.618909	1042.882594		
555.844477	1042.882594		
571.047022	1042.882594		
583.456353	1042.882594		
598.380552	1042.882594		
610.828926	1042.882594		
625.671631	1042.882594		
638.181556	1042.882594		
652.849840	1042.882594		
665.553240	1042.882594		
680.129154	1042.882594		
692.853223	1042.882594		
707.656335	1042.882594		
719.969042	1042.882594		
734.827039	1042.882594		
747.019981	1042.882594		
761.935867	1042.882594		
774.551962	1042.882594		
789.376008	1042.882594		
801.628019	1042.882594		
816.474833	1042.882594		
828.823864	1042.882594		
843.388342	1042.882594		
855.951812	1042.882594		
870.469676	1042.882594		
882.976567	1042.882594		
897.800323	1042.882594		
910.371796	1042.882594		
488.668000	1056.704725		
501.373305	1056.704725		
516.406690	1056.704725		
528.655181	1056.704725		
543.618909	1056.704725		
555.844477	1056.704725		
571.047022	1056.704725		
583.456353	1056.704725		
598.380552	1056.704725		
610.828926	1056.704725		
625.671631	1056.704725		
638.181556	1056.704725		
652.849840	1056.704725		
665.553240	1056.704725		
680.129154	1056.704725		
692.853223	1056.704725		
707.656335	1056.704725		
719.969042	1056.704725		
734.827039	1056.704725		
747.019981	1056.704725		
761.935867	1056.704725		
774.551962	1056.704725		
789.376008	1056.704725		
801.628019	1056.704725		
816.474833	1056.704725		
828.823864	1056.704725		
843.388342	1056.704725		
855.951812	1056.704725		
870.469676	1056.704725		
882.976567	1056.704725		
897.800323	1056.704725		
910.371796	1056.704725		
488.668000	1070.747255		
501.373305	1070.747255		
516.406690	1070.747255		
528.655181	1070.747255		
543.618909	1070.747255		
555.844477	1070.747255		
571.047022	1070.747255		
583.456353	1070.747255		
598.380552	1070.747255		
610.828926	1070.747255		
625.671631	1070.747255		
638.181556	1070.747255		
652.849840	1070.747255		
665.553240	1070.747255		
680.129154	1070.747255		
692.853223	1070.747255		
707.656335	1070.747255		
719.969042	1070.747255		
734.827039	1070.747255		
747.019981	1070.747255		
761.935867	1070.747255		
774.551962	1070.747255		
789.376008	1070.747255		
801.628019	1070.747255		
816.474833	1070.747255		
828.823864	1070.747255		
843.388342	1070.747255		
855.951812	1070.747255		
870.469676	1070.747255		
882.976567	1070.747255		
897.800323	1070.747255		
910.371796	1070.747255		
488.668000	1084.629070		
501.373305	1084.629070		
516.406690	1084.629070		
528.655181	1084.629070		
543.618909	1084.629070		
555.844477	1084.629070		
571.047022	1084.629070		
583.456353	1084.629070		
598.380552	1084.629070		
610.828926	1084.629070		
625.671631	1084.629070		
638.181556	1084.629070		
652.849840	1084.629070		
665.553240	1084.629070		
680.129154	1084.629070		
692.853223	1084.629070		
707.656335	1084.629070		
719.969042	1084.629070		
734.827039	1084.629070		
747.019981	1084.629070		
761.935867	1084.629070		
774.551962	1084.629070		
789.376008	1084.629070		
801.628019	1084.629070		
816.474833	1084.629070		
828.823864	1084.629070		
843.388342	1084.629070		
855.951812	1084.629070		
870.469676	1084.629070		
882.976567	1084.629070		
897.800323	1084.629070		
910.371796	1084.629070		
488.668000	1098.604808		
501.373305	1098.604808		
516.406690	1098.604808		
528.655181	1098.604808		
543.618909	1098.604808		
555.844477	1098.604808		
571.047022	1098.604808		
583.456353	1098.604808		
598.380552	1098.604808		
610.828926	1098.604808		
625.671631	1098.604808		
638.181556	1098.604808		
652.849840	1098.604808		
665.553240	1098.604808		
680.129154	1098.604808		
692.853223	1098.604808		
707.656335	1098.604808		
719.969042	1098.604808		
734.827039	1098.604808		
747.019981	1098.604808		
761.935867	1098.604808		
774.551962	1098.604808		
789.376008	1098.604808		
801.628019	1098.604808		
816.474833	1098.604808		
828.823864	1098.604808		
843.388342	1098.604808		
855.951812	1098.604808		
870.469676	1098.604808		
882.976567	1098.604808		
897.800323	1098.604808		
910.371796	1098.604808		
488.668000	1112.642979		
501.373305	1112.642979		
516.406690	1112.642979		
528.655181	1112.642979		
543.618909	1112.642979		
555.844477	1112.642979		
571.047022	1112.642979		
583.456353	1112.642979		
598.380552	1112.642979		
610.828926	1112.642979		
625.671631	1112.642979		
638.181556	1112.642979		
652.849840	1112.642979		
665.553240	1112.642979		
680.129154	1112.642979		
692.853223	1112.642979		
707.656335	1112.642979		
719.969042	1112.642979		
734.827039	1112.642979		
747.019981	1112.642979		
761.935867	1112.642979		
774.551962	1112.642979		
789.376008	1112.642979		
801.628019	1112.642979		
816.474833	1112.642979		
828.823864	1112.642979		
843.388342	1112.642979		
855.951812	1112.642979		
870.469676	1112.642979		
882.976567	1112.642979		
897.800323	1112.642979		
910.371796	1112.642979		
488.668000	1126.851690		
501.373305	1126.851690		
516.406690	1126.851690		
528.655181	1126.851690		
543.618909	1126.851690		
555.844477	1126.851690		
571.047022	1126.851690		
583.456353	1126.851690		
598.380552	1126.851690		
610.828926	1126.851690		
625.671631	1126.851690		
638.181556	1126.851690		
652.849840	1126.851690		
665.553240	1126.851690		
680.129154	1126.851690		
692.853223	1126.851690		
707.656335	1126.851690		
719.969042	1126.851690		
734.827039	1126.851690		
747.019981	1126.851690		
761.935867	1126.851690		
774.551962	1126.851690		
789.376008	1126.851690		
801.628019	1126.851690		
816.474833	1126.851690		
828.823864	1126.851690		
843.388342	1126.851690		
855.951812	1126.851690		
870.469676	1126.851690		
882.976567	1126.851690		
897.800323	1126.851690		
910.371796	1126.851690		
488.668000	1138.225082		
501.373305	1138.225082		
516.406690	1138.225082		
528.655181	1138.225082		
543.618909	1138.225082		
555.844477	1138.225082		
571.047022	1138.225082		
583.456353	1138.225082		
598.380552	1138.225082		
610.828926	1138.225082		
625.671631	1138.225082		
638.181556	1138.225082		
652.849840	1138.225082		
665.553240	1138.225082		
680.129154	1138.225082		
692.853223	1138.225082		
707.656335	1138.225082		
719.969042	1138.225082		
734.827039	1138.225082		
747.019981	1138.225082		
761.935867	1138.225082		
774.551962	1138.225082		
789.376008	1138.225082		
801.628019	1138.225082		
816.474833	1138.225082		
828.823864	1138.225082		
843.388342	1138.225082		
855.951812	1138.225082		
870.469676	1138.225082		
882.976567	1138.225082		
897.800323	1138.225082		
910.371796	1138.225082		
488.668000	1151.944566		
501.373305	1151.944566		
516.406690	1151.944566		
528.655181	1151.944566		
543.618909	1151.944566		
555.844477	1151.944566		
571.047022	1151.944566		
583.456353	1151.944566		
598.380552	1151.944566		
610.828926	1151.944566		
625.671631	1151.944566		
638.181556	1151.944566		
652.849840	1151.944566		
665.553240	1151.944566		
680.129154	1151.944566		
692.853223	1151.944566		
707.656335	1151.944566		
719.969042	1151.944566		
734.827039	1151.944566		
747.019981	1151.944566		
761.935867	1151.944566		
774.551962	1151.944566		
789.376008	1151.944566		
801.628019	1151.944566		
816.474833	1151.944566		
828.823864	1151.944566		
843.388342	1151.944566		
855.951812	1151.944566		
870.469676	1151.944566		
882.976567	1151.944566		
897.800323	1151.944566		
910.371796	1151.944566		
488.668000	1165.800298		
501.373305	1165.800298		
516.406690	1165.800298		
528.655181	1165.800298		
543.618909	1165.800298		
555.844477	1165.800298		
571.047022	1165.800298		
583.456353	1165.800298		
598.380552	1165.800298		
610.828926	1165.800298		
625.671631	1165.800298		
638.181556	1165.800298		
652.849840	1165.800298		
665.553240	1165.800298		
680.129154	1165.800298		
692.853223	1165.800298		
707.656335	1165.800298		
719.969042	1165.800298		
734.827039	1165.800298		
747.019981	1165.800298		
761.935867	1165.800298		
774.551962	1165.800298		
789.376008	1165.800298		
801.628019	1165.800298		
816.474833	1165.800298		
828.823864	1165.800298		
843.388342	1165.800298		
855.951812	1165.800298		
870.469676	1165.800298		
882.976567	1165.800298		
897.800323	1165.800298		
910.371796	1165.800298		
488.668000	1179.667229		
501.373305	1179.667229		
516.406690	1179.667229		
528.655181	1179.667229		
543.618909	1179.667229		
555.844477	1179.667229		
571.047022	1179.667229		
583.456353	1179.667229		
598.380552	1179.667229		
610.828926	1179.667229		
625.671631	1179.667229		
638.181556	1179.667229		
652.849840	1179.667229		
665.553240	1179.667229		
680.129154	1179.667229		
692.853223	1179.667229		
707.656335	1179.667229		
719.969042	1179.667229		
734.827039	1179.667229		
747.019981	1179.667229		
761.935867	1179.667229		
774.551962	1179.667229		
789.376008	1179.667229		
801.628019	1179.667229		
816.474833	1179.667229		
828.823864	1179.667229		
843.388342	1179.667229		
855.951812	1179.667229		
870.469676	1179.667229		
882.976567	1179.667229		
897.800323	1179.667229		
910.371796	1179.667229		
488.668000	1193.477754		
501.373305	1193.477754		
516.406690	1193.477754		
528.655181	1193.477754		
543.618909	1193.477754		
555.844477	1193.477754		
571.047022	1193.477754		
583.456353	1193.477754		
598.380552	1193.477754		
610.828926	1193.477754		
625.671631	1193.477754		
638.181556	1193.477754		
652.849840	1193.477754		
665.553240	1193.477754		
680.129154	1193.477754		
692.853223	1193.477754		
707.656335	1193.477754		
719.969042	1193.477754		
734.827039	1193.477754		
747.019981	1193.477754		
761.935867	1193.477754		
774.551962	1193.477754		
789.376008	1193.477754		
801.628019	1193.477754		
816.474833	1193.477754		
828.823864	1193.477754		
843.388342	1193.477754		
855.951812	1193.477754		
870.469676	1193.477754		
882.976567	1193.477754		
897.800323	1193.477754		
910.371796	1193.477754		
488.668000	1207.424690		
501.373305	1207.424690		
516.406690	1207.424690		
528.655181	1207.424690		
543.618909	1207.424690		
555.844477	1207.424690		
571.047022	1207.424690		
583.456353	1207.424690		
598.380552	1207.424690		
610.828926	1207.424690		
625.671631	1207.424690		
638.181556	1207.424690		
652.849840	1207.424690		
665.553240	1207.424690		
680.129154	1207.424690		
692.853223	1207.424690		
707.656335	1207.424690		
719.969042	1207.424690		
734.827039	1207.424690		
747.019981	1207.424690		
761.935867	1207.424690		
774.551962	1207.424690		
789.376008	1207.424690		
801.628019	1207.424690		
816.474833	1207.424690		
828.823864	1207.424690		
843.388342	1207.424690		
855.951812	1207.424690		
870.469676	1207.424690		
882.976567	1207.424690		
897.800323	1207.424690		
910.371796	1207.424690		
488.668000	1221.521413		
501.373305	1221.521413		
516.406690	1221.521413		
528.655181	1221.521413		
543.618909	1221.521413		
555.844477	1221.521413		
571.047022	1221.521413		
583.456353	1221.521413		
598.380552	1221.521413		
610.828926	1221.521413		
625.671631	1221.521413		
638.181556	1221.521413		
652.849840	1221.521413		
665.553240	1221.521413		
680.129154	1221.521413		
692.853223	1221.521413		
707.656335	1221.521413		
719.969042	1221.521413		
734.827039	1221.521413		
747.019981	1221.521413		
761.935867	1221.521413		
774.551962	1221.521413		
789.376008	1221.521413		
801.628019	1221.521413		
816.474833	1221.521413		
828.823864	1221.521413		
843.388342	1221.521413		
855.951812	1221.521413		
870.469676	1221.521413		
882.976567	1221.521413		
897.800323	1221.521413		
910.371796	1221.521413		
488.668000	1235.297749		
501.373305	1235.297749		
516.406690	1235.297749		
528.655181	1235.297749		
543.618909	1235.297749		
555.844477	1235.297749		
571.047022	1235.297749		
583.456353	1235.297749		
598.380552	1235.297749		
610.828926	1235.297749		
625.671631	1235.297749		
638.181556	1235.297749		
652.849840	1235.297749		
665.553240	1235.297749		
680.129154	1235.297749		
692.853223	1235.297749		
707.656335	1235.297749		
719.969042	1235.297749		
734.827039	1235.297749		
747.019981	1235.297749		
761.935867	1235.297749		
774.551962	1235.297749		
789.376008	1235.297749		
801.628019	1235.297749		
816.474833	1235.297749		
828.823864	1235.297749		
843.388342	1235.297749		
855.951812	1235.297749		
870.469676	1235.297749		
882.976567	1235.297749		
897.800323	1235.297749		
910.371796	1235.297749		
488.668000	1248.996557		
501.373305	1248.996557		
516.406690	1248.996557		
528.655181	1248.996557		
543.618909	1248.996557		
555.844477	1248.996557		
571.047022	1248.996557		
583.456353	1248.996557		
598.380552	1248.996557		
610.828926	1248.996557		
625.671631	1248.996557		
638.181556	1248.996557		
652.849840	1248.996557		
665.553240	1248.996557		
680.129154	1248.996557		
692.853223	1248.996557		
707.656335	1248.996557		
719.969042	1248.996557		
734.827039	1248.996557		
747.019981	1248.996557		
761.935867	1248.996557		
774.551962	1248.996557		
789.376008	1248.996557		
801.628019	1248.996557		
816.474833	1248.996557		
828.823864	1248.996557		
843.388342	1248.996557		
855.951812	1248.996557		
870.469676	1248.996557		
882.976567	1248.996557		
897.800323	1248.996557		
910.371796	1248.996557		
488.668000	1262.915602		
501.373305	1262.915602		
516.406690	1262.915602		
528.655181	1262.915602		
543.618909	1262.915602		
555.844477	1262.915602		
571.047022	1262.915602		
583.456353	1262.915602		
598.380552	1262.915602		
610.828926	1262.915602		
625.671631	1262.915602		
638.181556	1262.915602		
652.849840	1262.915602		
665.553240	1262.915602		
680.129154	1262.915602		
692.853223	1262.915602		
707.656335	1262.915602		
719.969042	1262.915602		
734.827039	1262.915602		
747.019981	1262.915602		
761.935867	1262.915602		
774.551962	1262.915602		
789.376008	1262.915602		
801.628019	1262.915602		
816.474833	1262.915602		
828.823864	1262.915602		
843.388342	1262.915602		
855.951812	1262.915602		
870.469676	1262.915602		
882.976567	1262.915602		
897.800323	1262.915602		
910.371796	1262.915602		
488.668000	1276.830779		
501.373305	1276.830779		
516.406690	1276.830779		
528.655181	1276.830779		
543.618909	1276.830779		
555.844477	1276.830779		
571.047022	1276.830779		
583.456353	1276.830779		
598.380552	1276.830779		
610.828926	1276.830779		
625.671631	1276.830779		
638.181556	1276.830779		
652.849840	1276.830779		
665.553240	1276.830779		
680.129154	1276.830779		
692.853223	1276.830779		
707.656335	1276.830779		
719.969042	1276.830779		
734.827039	1276.830779		
747.019981	1276.830779		
761.935867	1276.830779		
774.551962	1276.830779		
789.376008	1276.830779		
801.628019	1276.830779		
816.474833	1276.830779		
828.823864	1276.830779		
843.388342	1276.830779		
855.951812	1276.830779		
870.469676	1276.830779		
882.976567	1276.830779		
897.800323	1276.830779		
910.371796	1276.830779		
488.668000	1290.609547		
501.373305	1290.609547		
516.406690	1290.609547		
528.655181	1290.609547		
543.618909	1290.609547		
555.844477	1290.609547		
571.047022	1290.609547		
583.456353	1290.609547		
598.380552	1290.609547		
610.828926	1290.609547		
625.671631	1290.609547		
638.181556	1290.609547		
652.849840	1290.609547		
665.553240	1290.609547		
680.129154	1290.609547		
692.853223	1290.609547		
707.656335	1290.609547		
719.969042	1290.609547		
734.827039	1290.609547		
747.019981	1290.609547		
761.935867	1290.609547		
774.551962	1290.609547		
789.376008	1290.609547		
801.628019	1290.609547		
816.474833	1290.609547		
828.823864	1290.609547		
843.388342	1290.609547		
855.951812	1290.609547		
870.469676	1290.609547		
882.976567	1290.609547		
897.800323	1290.609547		
910.371796	1290.609547		
488.668000	1304.682377		
501.373305	1304.682377		
516.406690	1304.682377		
528.655181	1304.682377		
543.618909	1304.682377		
555.844477	1304.682377		
571.047022	1304.682377		
583.456353	1304.682377		
598.380552	1304.682377		
610.828926	1304.682377		
625.671631	1304.682377		
638.181556	1304.682377		
652.849840	1304.682377		
665.553240	1304.682377		
680.129154	1304.682377		
692.853223	1304.682377		
707.656335	1304.682377		
719.969042	1304.682377		
734.827039	1304.682377		
747.019981	1304.682377		
761.935867	1304.682377		
774.551962	1304.682377		
789.376008	1304.682377		
801.628019	1304.682377		
816.474833	1304.682377		
828.823864	1304.682377		
843.388342	1304.682377		
855.951812	1304.682377		
870.469676	1304.682377		
882.976567	1304.682377		
897.800323	1304.682377		
910.371796	1304.682377		
488.668000	1318.648185		
501.373305	1318.648185		
516.406690	1318.648185		
528.655181	1318.648185		
543.618909	1318.648185		
555.844477	1318.648185		
571.047022	1318.648185		
583.456353	1318.648185		
598.380552	1318.648185		
610.828926	1318.648185		
625.671631	1318.648185		
638.181556	1318.648185		
652.849840	1318.648185		
665.553240	1318.648185		
680.129154	1318.648185		
692.853223	1318.648185		
707.656335	1318.648185		
719.969042	1318.648185		
734.827039	1318.648185		
747.019981	1318.648185		
761.935867	1318.648185		
774.551962	1318.648185		
789.376008	1318.648185		
801.628019	1318.648185		
816.474833	1318.648185		
828.823864	1318.648185		
843.388342	1318.648185		
855.951812	1318.648185		
870.469676	1318.648185		
882.976567	1318.648185		
897.800323	1318.648185		
910.371796	1318.648185		
488.668000	1332.630779		
501.373305	1332.630779		
516.406690	1332.630779		
528.655181	1332.630779		
543.618909	1332.630779		
555.844477	1332.630779		
571.047022	1332.630779		
583.456353	1332.630779		
598.380552	1332.630779		
610.828926	1332.630779		
625.671631	1332.630779		
638.181556	1332.630779		
652.849840	1332.630779		
665.553240	1332.630779		
680.129154	1332.630779		
692.853223	1332.630779		
707.656335	1332.630779		
719.969042	1332.630779		
734.827039	1332.630779		
747.019981	1332.630779		
761.935867	1332.630779		
774.551962	1332.630779		
789.376008	1332.630779		
801.628019	1332.630779		
816.474833	1332.630779		
828.823864	1332.630779		
843.388342	1332.630779		
855.951812	1332.630779		
870.469676	1332.630779		
882.976567	1332.630779		
897.800323	1332.630779		
910.371796	1332.630779		
488.668000	1346.481009		
501.373305	1346.481009		
516.406690	1346.481009		
528.655181	1346.481009		
543.618909	1346.481009		
555.844477	1346.481009		
571.047022	1346.481009		
583.456353	1346.481009		
598.380552	1346.481009		
610.828926	1346.481009		
625.671631	1346.481009		
638.181556	1346.481009		
652.849840	1346.481009		
665.553240	1346.481009		
680.129154	1346.481009		
692.853223	1346.481009		
707.656335	1346.481009		
719.969042	1346.481009		
734.827039	1346.481009		
747.019981	1346.481009		
761.935867	1346.481009		
774.551962	1346.481009		
789.376008	1346.481009		
801.628019	1346.481009		
816.474833	1346.481009		
828.823864	1346.481009		
843.388342	1346.481009		
855.951812	1346.481009		
870.469676	1346.481009		
882.976567	1346.481009		
897.800323	1346.481009		
910.371796	1346.481009		
