Point	Grid		
30	32		
497.489480	1844.534464		
509.983342	1844.534464		
524.949242	1844.534464		
537.329139	1844.534464		
552.412734	1844.534464		
564.733176	1844.534464		
580.014414	1844.534464		
592.400182	1844.534464		
607.192249	1844.534464		
619.393824	1844.534464		
634.521062	1844.534464		
647.060692	1844.534464		
661.628421	1844.534464		
674.148212	1844.534464		
689.019612	1844.534464		
701.505188	1844.534464		
716.186542	1844.534464		
728.850549	1844.534464		
743.449505	1844.534464		
756.072983	1844.534464		
770.901977	1844.534464		
783.190788	1844.534464		
797.944143	1844.534464		
810.435641	1844.534464		
825.271973	1844.534464		
837.409558	1844.534464		
852.270804	1844.534464		
864.460911	1844.534464		
879.543150	1844.534464		
891.654274	1844.534464		
906.437187	1844.534464		
918.500913	1844.534464		
497.489480	1858.491474		
509.983342	1858.491474		
524.949242	1858.491474		
537.329139	1858.491474		
552.412734	1858.491474		
564.733176	1858.491474		
580.014414	1858.491474		
592.400182	1858.491474		
607.192249	1858.491474		
619.393824	1858.491474		
634.521062	1858.491474		
647.060692	1858.491474		
661.628421	1858.491474		
674.148212	1858.491474		
689.019612	1858.491474		
701.505188	1858.491474		
716.186542	1858.491474		
728.850549	1858.491474		
743.449505	1858.491474		
756.072983	1858.491474		
770.901977	1858.491474		
783.190788	1858.491474		
797.944143	1858.491474		
810.435641	1858.491474		
825.271973	1858.491474		
837.409558	1858.491474		
852.270804	1858.491474		
864.460911	1858.491474		
879.543150	1858.491474		
891.654274	1858.491474		
906.437187	1858.491474		
918.500913	1858.491474		
497.489480	1872.476006		
509.983342	1872.476006		
524.949242	1872.476006		
537.329139	1872.476006		
552.412734	1872.476006		
564.733176	1872.476006		
580.014414	1872.476006		
592.400182	1872.476006		
607.192249	1872.476006		
619.393824	1872.476006		
634.521062	1872.476006		
647.060692	1872.476006		
661.628421	1872.476006		
674.148212	1872.476006		
689.019612	1872.476006		
701.505188	1872.476006		
716.186542	1872.476006		
728.850549	1872.476006		
743.449505	1872.476006		
756.072983	1872.476006		
770.901977	1872.476006		
783.190788	1872.476006		
797.944143	1872.476006		
810.435641	1872.476006		
825.271973	1872.476006		
837.409558	1872.476006		
852.270804	1872.476006		
864.460911	1872.476006		
879.543150	1872.476006		
891.654274	1872.476006		
906.437187	1872.476006		
918.500913	1872.476006		
497.489480	1886.337262		
509.983342	1886.337262		
524.949242	1886.337262		
537.329139	1886.337262		
552.412734	1886.337262		
564.733176	1886.337262		
580.014414	1886.337262		
592.400182	1886.337262		
607.192249	1886.337262		
619.393824	1886.337262		
634.521062	1886.337262		
647.060692	1886.337262		
661.628421	1886.337262		
674.148212	1886.337262		
689.019612	1886.337262		
701.505188	1886.337262		
716.186542	1886.337262		
728.850549	1886.337262		
743.449505	1886.337262		
756.072983	1886.337262		
770.901977	1886.337262		
783.190788	1886.337262		
797.944143	1886.337262		
810.435641	1886.337262		
825.271973	1886.337262		
837.409558	1886.337262		
852.270804	1886.337262		
864.460911	1886.337262		
879.543150	1886.337262		
891.654274	1886.337262		
906.437187	1886.337262		
918.500913	1886.337262		
497.489480	1900.255959		
509.983342	1900.255959		
524.949242	1900.255959		
537.329139	1900.255959		
552.412734	1900.255959		
564.733176	1900.255959		
580.014414	1900.255959		
592.400182	1900.255959		
607.192249	1900.255959		
619.393824	1900.255959		
634.521062	1900.255959		
647.060692	1900.255959		
661.628421	1900.255959		
674.148212	1900.255959		
689.019612	1900.255959		
701.505188	1900.255959		
716.186542	1900.255959		
728.850549	1900.255959		
743.449505	1900.255959		
756.072983	1900.255959		
770.901977	1900.255959		
783.190788	1900.255959		
797.944143	1900.255959		
810.435641	1900.255959		
825.271973	1900.255959		
837.409558	1900.255959		
852.270804	1900.255959		
864.460911	1900.255959		
879.543150	1900.255959		
891.654274	1900.255959		
906.437187	1900.255959		
918.500913	1900.255959		
497.489480	1914.812514		
509.983342	1914.812514		
524.949242	1914.812514		
537.329139	1914.812514		
552.412734	1914.812514		
564.733176	1914.812514		
580.014414	1914.812514		
592.400182	1914.812514		
607.192249	1914.812514		
619.393824	1914.812514		
634.521062	1914.812514		
647.060692	1914.812514		
661.628421	1914.812514		
674.148212	1914.812514		
689.019612	1914.812514		
701.505188	1914.812514		
716.186542	1914.812514		
728.850549	1914.812514		
743.449505	1914.812514		
756.072983	1914.812514		
770.901977	1914.812514		
783.190788	1914.812514		
797.944143	1914.812514		
810.435641	1914.812514		
825.271973	1914.812514		
837.409558	1914.812514		
852.270804	1914.812514		
864.460911	1914.812514		
879.543150	1914.812514		
891.654274	1914.812514		
906.437187	1914.812514		
918.500913	1914.812514		
497.489480	1928.698612		
509.983342	1928.698612		
524.949242	1928.698612		
537.329139	1928.698612		
552.412734	1928.698612		
564.733176	1928.698612		
580.014414	1928.698612		
592.400182	1928.698612		
607.192249	1928.698612		
619.393824	1928.698612		
634.521062	1928.698612		
647.060692	1928.698612		
661.628421	1928.698612		
674.148212	1928.698612		
689.019612	1928.698612		
701.505188	1928.698612		
716.186542	1928.698612		
728.850549	1928.698612		
743.449505	1928.698612		
756.072983	1928.698612		
770.901977	1928.698612		
783.190788	1928.698612		
797.944143	1928.698612		
810.435641	1928.698612		
825.271973	1928.698612		
837.409558	1928.698612		
852.270804	1928.698612		
864.460911	1928.698612		
879.543150	1928.698612		
891.654274	1928.698612		
906.437187	1928.698612		
918.500913	1928.698612		
497.489480	1942.298239		
509.983342	1942.298239		
524.949242	1942.298239		
537.329139	1942.298239		
552.412734	1942.298239		
564.733176	1942.298239		
580.014414	1942.298239		
592.400182	1942.298239		
607.192249	1942.298239		
619.393824	1942.298239		
634.521062	1942.298239		
647.060692	1942.298239		
661.628421	1942.298239		
674.148212	1942.298239		
689.019612	1942.298239		
701.505188	1942.298239		
716.186542	1942.298239		
728.850549	1942.298239		
743.449505	1942.298239		
756.072983	1942.298239		
770.901977	1942.298239		
783.190788	1942.298239		
797.944143	1942.298239		
810.435641	1942.298239		
825.271973	1942.298239		
837.409558	1942.298239		
852.270804	1942.298239		
864.460911	1942.298239		
879.543150	1942.298239		
891.654274	1942.298239		
906.437187	1942.298239		
918.500913	1942.298239		
497.489480	1956.230179		
509.983342	1956.230179		
524.949242	1956.230179		
537.329139	1956.230179		
552.412734	1956.230179		
564.733176	1956.230179		
580.014414	1956.230179		
592.400182	1956.230179		
607.192249	1956.230179		
619.393824	1956.230179		
634.521062	1956.230179		
647.060692	1956.230179		
661.628421	1956.230179		
674.148212	1956.230179		
689.019612	1956.230179		
701.505188	1956.230179		
716.186542	1956.230179		
728.850549	1956.230179		
743.449505	1956.230179		
756.072983	1956.230179		
770.901977	1956.230179		
783.190788	1956.230179		
797.944143	1956.230179		
810.435641	1956.230179		
825.271973	1956.230179		
837.409558	1956.230179		
852.270804	1956.230179		
864.460911	1956.230179		
879.543150	1956.230179		
891.654274	1956.230179		
906.437187	1956.230179		
918.500913	1956.230179		
497.489480	1970.404349		
509.983342	1970.404349		
524.949242	1970.404349		
537.329139	1970.404349		
552.412734	1970.404349		
564.733176	1970.404349		
580.014414	1970.404349		
592.400182	1970.404349		
607.192249	1970.404349		
619.393824	1970.404349		
634.521062	1970.404349		
647.060692	1970.404349		
661.628421	1970.404349		
674.148212	1970.404349		
689.019612	1970.404349		
701.505188	1970.404349		
716.186542	1970.404349		
728.850549	1970.404349		
743.449505	1970.404349		
756.072983	1970.404349		
770.901977	1970.404349		
783.190788	1970.404349		
797.944143	1970.404349		
810.435641	1970.404349		
825.271973	1970.404349		
837.409558	1970.404349		
852.270804	1970.404349		
864.460911	1970.404349		
879.543150	1970.404349		
891.654274	1970.404349		
906.437187	1970.404349		
918.500913	1970.404349		
497.489480	1984.240264		
509.983342	1984.240264		
524.949242	1984.240264		
537.329139	1984.240264		
552.412734	1984.240264		
564.733176	1984.240264		
580.014414	1984.240264		
592.400182	1984.240264		
607.192249	1984.240264		
619.393824	1984.240264		
634.521062	1984.240264		
647.060692	1984.240264		
661.628421	1984.240264		
674.148212	1984.240264		
689.019612	1984.240264		
701.505188	1984.240264		
716.186542	1984.240264		
728.850549	1984.240264		
743.449505	1984.240264		
756.072983	1984.240264		
770.901977	1984.240264		
783.190788	1984.240264		
797.944143	1984.240264		
810.435641	1984.240264		
825.271973	1984.240264		
837.409558	1984.240264		
852.270804	1984.240264		
864.460911	1984.240264		
879.543150	1984.240264		
891.654274	1984.240264		
906.437187	1984.240264		
918.500913	1984.240264		
497.489480	1997.859199		
509.983342	1997.859199		
524.949242	1997.859199		
537.329139	1997.859199		
552.412734	1997.859199		
564.733176	1997.859199		
580.014414	1997.859199		
592.400182	1997.859199		
607.192249	1997.859199		
619.393824	1997.859199		
634.521062	1997.859199		
647.060692	1997.859199		
661.628421	1997.859199		
674.148212	1997.859199		
689.019612	1997.859199		
701.505188	1997.859199		
716.186542	1997.859199		
728.850549	1997.859199		
743.449505	1997.859199		
756.072983	1997.859199		
770.901977	1997.859199		
783.190788	1997.859199		
797.944143	1997.859199		
810.435641	1997.859199		
825.271973	1997.859199		
837.409558	1997.859199		
852.270804	1997.859199		
864.460911	1997.859199		
879.543150	1997.859199		
891.654274	1997.859199		
906.437187	1997.859199		
918.500913	1997.859199		
497.489480	2012.019864		
509.983342	2012.019864		
524.949242	2012.019864		
537.329139	2012.019864		
552.412734	2012.019864		
564.733176	2012.019864		
580.014414	2012.019864		
592.400182	2012.019864		
607.192249	2012.019864		
619.393824	2012.019864		
634.521062	2012.019864		
647.060692	2012.019864		
661.628421	2012.019864		
674.148212	2012.019864		
689.019612	2012.019864		
701.505188	2012.019864		
716.186542	2012.019864		
728.850549	2012.019864		
743.449505	2012.019864		
756.072983	2012.019864		
770.901977	2012.019864		
783.190788	2012.019864		
797.944143	2012.019864		
810.435641	2012.019864		
825.271973	2012.019864		
837.409558	2012.019864		
852.270804	2012.019864		
864.460911	2012.019864		
879.543150	2012.019864		
891.654274	2012.019864		
906.437187	2012.019864		
918.500913	2012.019864		
497.489480	2026.255004		
509.983342	2026.255004		
524.949242	2026.255004		
537.329139	2026.255004		
552.412734	2026.255004		
564.733176	2026.255004		
580.014414	2026.255004		
592.400182	2026.255004		
607.192249	2026.255004		
619.393824	2026.255004		
634.521062	2026.255004		
647.060692	2026.255004		
661.628421	2026.255004		
674.148212	2026.255004		
689.019612	2026.255004		
701.505188	2026.255004		
716.186542	2026.255004		
728.850549	2026.255004		
743.449505	2026.255004		
756.072983	2026.255004		
770.901977	2026.255004		
783.190788	2026.255004		
797.944143	2026.255004		
810.435641	2026.255004		
825.271973	2026.255004		
837.409558	2026.255004		
852.270804	2026.255004		
864.460911	2026.255004		
879.543150	2026.255004		
891.654274	2026.255004		
906.437187	2026.255004		
918.500913	2026.255004		
497.489480	2037.689984		
509.983342	2037.689984		
524.949242	2037.689984		
537.329139	2037.689984		
552.412734	2037.689984		
564.733176	2037.689984		
580.014414	2037.689984		
592.400182	2037.689984		
607.192249	2037.689984		
619.393824	2037.689984		
634.521062	2037.689984		
647.060692	2037.689984		
661.628421	2037.689984		
674.148212	2037.689984		
689.019612	2037.689984		
701.505188	2037.689984		
716.186542	2037.689984		
728.850549	2037.689984		
743.449505	2037.689984		
756.072983	2037.689984		
770.901977	2037.689984		
783.190788	2037.689984		
797.944143	2037.689984		
810.435641	2037.689984		
825.271973	2037.689984		
837.409558	2037.689984		
852.270804	2037.689984		
864.460911	2037.689984		
879.543150	2037.689984		
891.654274	2037.689984		
906.437187	2037.689984		
918.500913	2037.689984		
497.489480	2051.245981		
509.983342	2051.245981		
524.949242	2051.245981		
537.329139	2051.245981		
552.412734	2051.245981		
564.733176	2051.245981		
580.014414	2051.245981		
592.400182	2051.245981		
607.192249	2051.245981		
619.393824	2051.245981		
634.521062	2051.245981		
647.060692	2051.245981		
661.628421	2051.245981		
674.148212	2051.245981		
689.019612	2051.245981		
701.505188	2051.245981		
716.186542	2051.245981		
728.850549	2051.245981		
743.449505	2051.245981		
756.072983	2051.245981		
770.901977	2051.245981		
783.190788	2051.245981		
797.944143	2051.245981		
810.435641	2051.245981		
825.271973	2051.245981		
837.409558	2051.245981		
852.270804	2051.245981		
864.460911	2051.245981		
879.543150	2051.245981		
891.654274	2051.245981		
906.437187	2051.245981		
918.500913	2051.245981		
497.489480	2065.201491		
509.983342	2065.201491		
524.949242	2065.201491		
537.329139	2065.201491		
552.412734	2065.201491		
564.733176	2065.201491		
580.014414	2065.201491		
592.400182	2065.201491		
607.192249	2065.201491		
619.393824	2065.201491		
634.521062	2065.201491		
647.060692	2065.201491		
661.628421	2065.201491		
674.148212	2065.201491		
689.019612	2065.201491		
701.505188	2065.201491		
716.186542	2065.201491		
728.850549	2065.201491		
743.449505	2065.201491		
756.072983	2065.201491		
770.901977	2065.201491		
783.190788	2065.201491		
797.944143	2065.201491		
810.435641	2065.201491		
825.271973	2065.201491		
837.409558	2065.201491		
852.270804	2065.201491		
864.460911	2065.201491		
879.543150	2065.201491		
891.654274	2065.201491		
906.437187	2065.201491		
918.500913	2065.201491		
497.489480	2078.941044		
509.983342	2078.941044		
524.949242	2078.941044		
537.329139	2078.941044		
552.412734	2078.941044		
564.733176	2078.941044		
580.014414	2078.941044		
592.400182	2078.941044		
607.192249	2078.941044		
619.393824	2078.941044		
634.521062	2078.941044		
647.060692	2078.941044		
661.628421	2078.941044		
674.148212	2078.941044		
689.019612	2078.941044		
701.505188	2078.941044		
716.186542	2078.941044		
728.850549	2078.941044		
743.449505	2078.941044		
756.072983	2078.941044		
770.901977	2078.941044		
783.190788	2078.941044		
797.944143	2078.941044		
810.435641	2078.941044		
825.271973	2078.941044		
837.409558	2078.941044		
852.270804	2078.941044		
864.460911	2078.941044		
879.543150	2078.941044		
891.654274	2078.941044		
906.437187	2078.941044		
918.500913	2078.941044		
497.489480	2092.410418		
509.983342	2092.410418		
524.949242	2092.410418		
537.329139	2092.410418		
552.412734	2092.410418		
564.733176	2092.410418		
580.014414	2092.410418		
592.400182	2092.410418		
607.192249	2092.410418		
619.393824	2092.410418		
634.521062	2092.410418		
647.060692	2092.410418		
661.628421	2092.410418		
674.148212	2092.410418		
689.019612	2092.410418		
701.505188	2092.410418		
716.186542	2092.410418		
728.850549	2092.410418		
743.449505	2092.410418		
756.072983	2092.410418		
770.901977	2092.410418		
783.190788	2092.410418		
797.944143	2092.410418		
810.435641	2092.410418		
825.271973	2092.410418		
837.409558	2092.410418		
852.270804	2092.410418		
864.460911	2092.410418		
879.543150	2092.410418		
891.654274	2092.410418		
906.437187	2092.410418		
918.500913	2092.410418		
497.489480	2106.684755		
509.983342	2106.684755		
524.949242	2106.684755		
537.329139	2106.684755		
552.412734	2106.684755		
564.733176	2106.684755		
580.014414	2106.684755		
592.400182	2106.684755		
607.192249	2106.684755		
619.393824	2106.684755		
634.521062	2106.684755		
647.060692	2106.684755		
661.628421	2106.684755		
674.148212	2106.684755		
689.019612	2106.684755		
701.505188	2106.684755		
716.186542	2106.684755		
728.850549	2106.684755		
743.449505	2106.684755		
756.072983	2106.684755		
770.901977	2106.684755		
783.190788	2106.684755		
797.944143	2106.684755		
810.435641	2106.684755		
825.271973	2106.684755		
837.409558	2106.684755		
852.270804	2106.684755		
864.460911	2106.684755		
879.543150	2106.684755		
891.654274	2106.684755		
906.437187	2106.684755		
918.500913	2106.684755		
497.489480	2120.292373		
509.983342	2120.292373		
524.949242	2120.292373		
537.329139	2120.292373		
552.412734	2120.292373		
564.733176	2120.292373		
580.014414	2120.292373		
592.400182	2120.292373		
607.192249	2120.292373		
619.393824	2120.292373		
634.521062	2120.292373		
647.060692	2120.292373		
661.628421	2120.292373		
674.148212	2120.292373		
689.019612	2120.292373		
701.505188	2120.292373		
716.186542	2120.292373		
728.850549	2120.292373		
743.449505	2120.292373		
756.072983	2120.292373		
770.901977	2120.292373		
783.190788	2120.292373		
797.944143	2120.292373		
810.435641	2120.292373		
825.271973	2120.292373		
837.409558	2120.292373		
852.270804	2120.292373		
864.460911	2120.292373		
879.543150	2120.292373		
891.654274	2120.292373		
906.437187	2120.292373		
918.500913	2120.292373		
497.489480	2134.435732		
509.983342	2134.435732		
524.949242	2134.435732		
537.329139	2134.435732		
552.412734	2134.435732		
564.733176	2134.435732		
580.014414	2134.435732		
592.400182	2134.435732		
607.192249	2134.435732		
619.393824	2134.435732		
634.521062	2134.435732		
647.060692	2134.435732		
661.628421	2134.435732		
674.148212	2134.435732		
689.019612	2134.435732		
701.505188	2134.435732		
716.186542	2134.435732		
728.850549	2134.435732		
743.449505	2134.435732		
756.072983	2134.435732		
770.901977	2134.435732		
783.190788	2134.435732		
797.944143	2134.435732		
810.435641	2134.435732		
825.271973	2134.435732		
837.409558	2134.435732		
852.270804	2134.435732		
864.460911	2134.435732		
879.543150	2134.435732		
891.654274	2134.435732		
906.437187	2134.435732		
918.500913	2134.435732		
497.489480	2148.460778		
509.983342	2148.460778		
524.949242	2148.460778		
537.329139	2148.460778		
552.412734	2148.460778		
564.733176	2148.460778		
580.014414	2148.460778		
592.400182	2148.460778		
607.192249	2148.460778		
619.393824	2148.460778		
634.521062	2148.460778		
647.060692	2148.460778		
661.628421	2148.460778		
674.148212	2148.460778		
689.019612	2148.460778		
701.505188	2148.460778		
716.186542	2148.460778		
728.850549	2148.460778		
743.449505	2148.460778		
756.072983	2148.460778		
770.901977	2148.460778		
783.190788	2148.460778		
797.944143	2148.460778		
810.435641	2148.460778		
825.271973	2148.460778		
837.409558	2148.460778		
852.270804	2148.460778		
864.460911	2148.460778		
879.543150	2148.460778		
891.654274	2148.460778		
906.437187	2148.460778		
918.500913	2148.460778		
497.489480	2162.421150		
509.983342	2162.421150		
524.949242	2162.421150		
537.329139	2162.421150		
552.412734	2162.421150		
564.733176	2162.421150		
580.014414	2162.421150		
592.400182	2162.421150		
607.192249	2162.421150		
619.393824	2162.421150		
634.521062	2162.421150		
647.060692	2162.421150		
661.628421	2162.421150		
674.148212	2162.421150		
689.019612	2162.421150		
701.505188	2162.421150		
716.186542	2162.421150		
728.850549	2162.421150		
743.449505	2162.421150		
756.072983	2162.421150		
770.901977	2162.421150		
783.190788	2162.421150		
797.944143	2162.421150		
810.435641	2162.421150		
825.271973	2162.421150		
837.409558	2162.421150		
852.270804	2162.421150		
864.460911	2162.421150		
879.543150	2162.421150		
891.654274	2162.421150		
906.437187	2162.421150		
918.500913	2162.421150		
497.489480	2176.390458		
509.983342	2176.390458		
524.949242	2176.390458		
537.329139	2176.390458		
552.412734	2176.390458		
564.733176	2176.390458		
580.014414	2176.390458		
592.400182	2176.390458		
607.192249	2176.390458		
619.393824	2176.390458		
634.521062	2176.390458		
647.060692	2176.390458		
661.628421	2176.390458		
674.148212	2176.390458		
689.019612	2176.390458		
701.505188	2176.390458		
716.186542	2176.390458		
728.850549	2176.390458		
743.449505	2176.390458		
756.072983	2176.390458		
770.901977	2176.390458		
783.190788	2176.390458		
797.944143	2176.390458		
810.435641	2176.390458		
825.271973	2176.390458		
837.409558	2176.390458		
852.270804	2176.390458		
864.460911	2176.390458		
879.543150	2176.390458		
891.654274	2176.390458		
906.437187	2176.390458		
918.500913	2176.390458		
497.489480	2190.253293		
509.983342	2190.253293		
524.949242	2190.253293		
537.329139	2190.253293		
552.412734	2190.253293		
564.733176	2190.253293		
580.014414	2190.253293		
592.400182	2190.253293		
607.192249	2190.253293		
619.393824	2190.253293		
634.521062	2190.253293		
647.060692	2190.253293		
661.628421	2190.253293		
674.148212	2190.253293		
689.019612	2190.253293		
701.505188	2190.253293		
716.186542	2190.253293		
728.850549	2190.253293		
743.449505	2190.253293		
756.072983	2190.253293		
770.901977	2190.253293		
783.190788	2190.253293		
797.944143	2190.253293		
810.435641	2190.253293		
825.271973	2190.253293		
837.409558	2190.253293		
852.270804	2190.253293		
864.460911	2190.253293		
879.543150	2190.253293		
891.654274	2190.253293		
906.437187	2190.253293		
918.500913	2190.253293		
497.489480	2204.291774		
509.983342	2204.291774		
524.949242	2204.291774		
537.329139	2204.291774		
552.412734	2204.291774		
564.733176	2204.291774		
580.014414	2204.291774		
592.400182	2204.291774		
607.192249	2204.291774		
619.393824	2204.291774		
634.521062	2204.291774		
647.060692	2204.291774		
661.628421	2204.291774		
674.148212	2204.291774		
689.019612	2204.291774		
701.505188	2204.291774		
716.186542	2204.291774		
728.850549	2204.291774		
743.449505	2204.291774		
756.072983	2204.291774		
770.901977	2204.291774		
783.190788	2204.291774		
797.944143	2204.291774		
810.435641	2204.291774		
825.271973	2204.291774		
837.409558	2204.291774		
852.270804	2204.291774		
864.460911	2204.291774		
879.543150	2204.291774		
891.654274	2204.291774		
906.437187	2204.291774		
918.500913	2204.291774		
497.489480	2218.160827		
509.983342	2218.160827		
524.949242	2218.160827		
537.329139	2218.160827		
552.412734	2218.160827		
564.733176	2218.160827		
580.014414	2218.160827		
592.400182	2218.160827		
607.192249	2218.160827		
619.393824	2218.160827		
634.521062	2218.160827		
647.060692	2218.160827		
661.628421	2218.160827		
674.148212	2218.160827		
689.019612	2218.160827		
701.505188	2218.160827		
716.186542	2218.160827		
728.850549	2218.160827		
743.449505	2218.160827		
756.072983	2218.160827		
770.901977	2218.160827		
783.190788	2218.160827		
797.944143	2218.160827		
810.435641	2218.160827		
825.271973	2218.160827		
837.409558	2218.160827		
852.270804	2218.160827		
864.460911	2218.160827		
879.543150	2218.160827		
891.654274	2218.160827		
906.437187	2218.160827		
918.500913	2218.160827		
497.489480	2232.134537		
509.983342	2232.134537		
524.949242	2232.134537		
537.329139	2232.134537		
552.412734	2232.134537		
564.733176	2232.134537		
580.014414	2232.134537		
592.400182	2232.134537		
607.192249	2232.134537		
619.393824	2232.134537		
634.521062	2232.134537		
647.060692	2232.134537		
661.628421	2232.134537		
674.148212	2232.134537		
689.019612	2232.134537		
701.505188	2232.134537		
716.186542	2232.134537		
728.850549	2232.134537		
743.449505	2232.134537		
756.072983	2232.134537		
770.901977	2232.134537		
783.190788	2232.134537		
797.944143	2232.134537		
810.435641	2232.134537		
825.271973	2232.134537		
837.409558	2232.134537		
852.270804	2232.134537		
864.460911	2232.134537		
879.543150	2232.134537		
891.654274	2232.134537		
906.437187	2232.134537		
918.500913	2232.134537		
497.489480	2246.110438		
509.983342	2246.110438		
524.949242	2246.110438		
537.329139	2246.110438		
552.412734	2246.110438		
564.733176	2246.110438		
580.014414	2246.110438		
592.400182	2246.110438		
607.192249	2246.110438		
619.393824	2246.110438		
634.521062	2246.110438		
647.060692	2246.110438		
661.628421	2246.110438		
674.148212	2246.110438		
689.019612	2246.110438		
701.505188	2246.110438		
716.186542	2246.110438		
728.850549	2246.110438		
743.449505	2246.110438		
756.072983	2246.110438		
770.901977	2246.110438		
783.190788	2246.110438		
797.944143	2246.110438		
810.435641	2246.110438		
825.271973	2246.110438		
837.409558	2246.110438		
852.270804	2246.110438		
864.460911	2246.110438		
879.543150	2246.110438		
891.654274	2246.110438		
906.437187	2246.110438		
918.500913	2246.110438		
