Point	Grid		
30	32		
1406.339581	2741.305929		
1418.429838	2741.305929		
1433.486860	2741.305929		
1445.634935	2741.305929		
1460.333304	2741.305929		
1472.821826	2741.305929		
1487.466711	2741.305929		
1499.931697	2741.305929		
1514.505220	2741.305929		
1527.149578	2741.305929		
1541.737516	2741.305929		
1554.175025	2741.305929		
1568.844071	2741.305929		
1581.376189	2741.305929		
1595.904356	2741.305929		
1608.318908	2741.305929		
1623.175820	2741.305929		
1635.590094	2741.305929		
1650.087729	2741.305929		
1662.372956	2741.305929		
1677.205363	2741.305929		
1689.557483	2741.305929		
1704.059264	2741.305929		
1716.739808	2741.305929		
1731.404763	2741.305929		
1743.718355	2741.305929		
1758.284754	2741.305929		
1770.892633	2741.305929		
1785.354960	2741.305929		
1797.831621	2741.305929		
1812.469681	2741.305929		
1825.074581	2741.305929		
1406.339581	2755.242343		
1418.429838	2755.242343		
1433.486860	2755.242343		
1445.634935	2755.242343		
1460.333304	2755.242343		
1472.821826	2755.242343		
1487.466711	2755.242343		
1499.931697	2755.242343		
1514.505220	2755.242343		
1527.149578	2755.242343		
1541.737516	2755.242343		
1554.175025	2755.242343		
1568.844071	2755.242343		
1581.376189	2755.242343		
1595.904356	2755.242343		
1608.318908	2755.242343		
1623.175820	2755.242343		
1635.590094	2755.242343		
1650.087729	2755.242343		
1662.372956	2755.242343		
1677.205363	2755.242343		
1689.557483	2755.242343		
1704.059264	2755.242343		
1716.739808	2755.242343		
1731.404763	2755.242343		
1743.718355	2755.242343		
1758.284754	2755.242343		
1770.892633	2755.242343		
1785.354960	2755.242343		
1797.831621	2755.242343		
1812.469681	2755.242343		
1825.074581	2755.242343		
1406.339581	2769.238048		
1418.429838	2769.238048		
1433.486860	2769.238048		
1445.634935	2769.238048		
1460.333304	2769.238048		
1472.821826	2769.238048		
1487.466711	2769.238048		
1499.931697	2769.238048		
1514.505220	2769.238048		
1527.149578	2769.238048		
1541.737516	2769.238048		
1554.175025	2769.238048		
1568.844071	2769.238048		
1581.376189	2769.238048		
1595.904356	2769.238048		
1608.318908	2769.238048		
1623.175820	2769.238048		
1635.590094	2769.238048		
1650.087729	2769.238048		
1662.372956	2769.238048		
1677.205363	2769.238048		
1689.557483	2769.238048		
1704.059264	2769.238048		
1716.739808	2769.238048		
1731.404763	2769.238048		
1743.718355	2769.238048		
1758.284754	2769.238048		
1770.892633	2769.238048		
1785.354960	2769.238048		
1797.831621	2769.238048		
1812.469681	2769.238048		
1825.074581	2769.238048		
1406.339581	2783.057953		
1418.429838	2783.057953		
1433.486860	2783.057953		
1445.634935	2783.057953		
1460.333304	2783.057953		
1472.821826	2783.057953		
1487.466711	2783.057953		
1499.931697	2783.057953		
1514.505220	2783.057953		
1527.149578	2783.057953		
1541.737516	2783.057953		
1554.175025	2783.057953		
1568.844071	2783.057953		
1581.376189	2783.057953		
1595.904356	2783.057953		
1608.318908	2783.057953		
1623.175820	2783.057953		
1635.590094	2783.057953		
1650.087729	2783.057953		
1662.372956	2783.057953		
1677.205363	2783.057953		
1689.557483	2783.057953		
1704.059264	2783.057953		
1716.739808	2783.057953		
1731.404763	2783.057953		
1743.718355	2783.057953		
1758.284754	2783.057953		
1770.892633	2783.057953		
1785.354960	2783.057953		
1797.831621	2783.057953		
1812.469681	2783.057953		
1825.074581	2783.057953		
1406.339581	2796.872112		
1418.429838	2796.872112		
1433.486860	2796.872112		
1445.634935	2796.872112		
1460.333304	2796.872112		
1472.821826	2796.872112		
1487.466711	2796.872112		
1499.931697	2796.872112		
1514.505220	2796.872112		
1527.149578	2796.872112		
1541.737516	2796.872112		
1554.175025	2796.872112		
1568.844071	2796.872112		
1581.376189	2796.872112		
1595.904356	2796.872112		
1608.318908	2796.872112		
1623.175820	2796.872112		
1635.590094	2796.872112		
1650.087729	2796.872112		
1662.372956	2796.872112		
1677.205363	2796.872112		
1689.557483	2796.872112		
1704.059264	2796.872112		
1716.739808	2796.872112		
1731.404763	2796.872112		
1743.718355	2796.872112		
1758.284754	2796.872112		
1770.892633	2796.872112		
1785.354960	2796.872112		
1797.831621	2796.872112		
1812.469681	2796.872112		
1825.074581	2796.872112		
1406.339581	2811.110143		
1418.429838	2811.110143		
1433.486860	2811.110143		
1445.634935	2811.110143		
1460.333304	2811.110143		
1472.821826	2811.110143		
1487.466711	2811.110143		
1499.931697	2811.110143		
1514.505220	2811.110143		
1527.149578	2811.110143		
1541.737516	2811.110143		
1554.175025	2811.110143		
1568.844071	2811.110143		
1581.376189	2811.110143		
1595.904356	2811.110143		
1608.318908	2811.110143		
1623.175820	2811.110143		
1635.590094	2811.110143		
1650.087729	2811.110143		
1662.372956	2811.110143		
1677.205363	2811.110143		
1689.557483	2811.110143		
1704.059264	2811.110143		
1716.739808	2811.110143		
1731.404763	2811.110143		
1743.718355	2811.110143		
1758.284754	2811.110143		
1770.892633	2811.110143		
1785.354960	2811.110143		
1797.831621	2811.110143		
1812.469681	2811.110143		
1825.074581	2811.110143		
1406.339581	2825.125457		
1418.429838	2825.125457		
1433.486860	2825.125457		
1445.634935	2825.125457		
1460.333304	2825.125457		
1472.821826	2825.125457		
1487.466711	2825.125457		
1499.931697	2825.125457		
1514.505220	2825.125457		
1527.149578	2825.125457		
1541.737516	2825.125457		
1554.175025	2825.125457		
1568.844071	2825.125457		
1581.376189	2825.125457		
1595.904356	2825.125457		
1608.318908	2825.125457		
1623.175820	2825.125457		
1635.590094	2825.125457		
1650.087729	2825.125457		
1662.372956	2825.125457		
1677.205363	2825.125457		
1689.557483	2825.125457		
1704.059264	2825.125457		
1716.739808	2825.125457		
1731.404763	2825.125457		
1743.718355	2825.125457		
1758.284754	2825.125457		
1770.892633	2825.125457		
1785.354960	2825.125457		
1797.831621	2825.125457		
1812.469681	2825.125457		
1825.074581	2825.125457		
1406.339581	2839.064339		
1418.429838	2839.064339		
1433.486860	2839.064339		
1445.634935	2839.064339		
1460.333304	2839.064339		
1472.821826	2839.064339		
1487.466711	2839.064339		
1499.931697	2839.064339		
1514.505220	2839.064339		
1527.149578	2839.064339		
1541.737516	2839.064339		
1554.175025	2839.064339		
1568.844071	2839.064339		
1581.376189	2839.064339		
1595.904356	2839.064339		
1608.318908	2839.064339		
1623.175820	2839.064339		
1635.590094	2839.064339		
1650.087729	2839.064339		
1662.372956	2839.064339		
1677.205363	2839.064339		
1689.557483	2839.064339		
1704.059264	2839.064339		
1716.739808	2839.064339		
1731.404763	2839.064339		
1743.718355	2839.064339		
1758.284754	2839.064339		
1770.892633	2839.064339		
1785.354960	2839.064339		
1797.831621	2839.064339		
1812.469681	2839.064339		
1825.074581	2839.064339		
1406.339581	2852.962279		
1418.429838	2852.962279		
1433.486860	2852.962279		
1445.634935	2852.962279		
1460.333304	2852.962279		
1472.821826	2852.962279		
1487.466711	2852.962279		
1499.931697	2852.962279		
1514.505220	2852.962279		
1527.149578	2852.962279		
1541.737516	2852.962279		
1554.175025	2852.962279		
1568.844071	2852.962279		
1581.376189	2852.962279		
1595.904356	2852.962279		
1608.318908	2852.962279		
1623.175820	2852.962279		
1635.590094	2852.962279		
1650.087729	2852.962279		
1662.372956	2852.962279		
1677.205363	2852.962279		
1689.557483	2852.962279		
1704.059264	2852.962279		
1716.739808	2852.962279		
1731.404763	2852.962279		
1743.718355	2852.962279		
1758.284754	2852.962279		
1770.892633	2852.962279		
1785.354960	2852.962279		
1797.831621	2852.962279		
1812.469681	2852.962279		
1825.074581	2852.962279		
1406.339581	2866.887220		
1418.429838	2866.887220		
1433.486860	2866.887220		
1445.634935	2866.887220		
1460.333304	2866.887220		
1472.821826	2866.887220		
1487.466711	2866.887220		
1499.931697	2866.887220		
1514.505220	2866.887220		
1527.149578	2866.887220		
1541.737516	2866.887220		
1554.175025	2866.887220		
1568.844071	2866.887220		
1581.376189	2866.887220		
1595.904356	2866.887220		
1608.318908	2866.887220		
1623.175820	2866.887220		
1635.590094	2866.887220		
1650.087729	2866.887220		
1662.372956	2866.887220		
1677.205363	2866.887220		
1689.557483	2866.887220		
1704.059264	2866.887220		
1716.739808	2866.887220		
1731.404763	2866.887220		
1743.718355	2866.887220		
1758.284754	2866.887220		
1770.892633	2866.887220		
1785.354960	2866.887220		
1797.831621	2866.887220		
1812.469681	2866.887220		
1825.074581	2866.887220		
1406.339581	2880.744308		
1418.429838	2880.744308		
1433.486860	2880.744308		
1445.634935	2880.744308		
1460.333304	2880.744308		
1472.821826	2880.744308		
1487.466711	2880.744308		
1499.931697	2880.744308		
1514.505220	2880.744308		
1527.149578	2880.744308		
1541.737516	2880.744308		
1554.175025	2880.744308		
1568.844071	2880.744308		
1581.376189	2880.744308		
1595.904356	2880.744308		
1608.318908	2880.744308		
1623.175820	2880.744308		
1635.590094	2880.744308		
1650.087729	2880.744308		
1662.372956	2880.744308		
1677.205363	2880.744308		
1689.557483	2880.744308		
1704.059264	2880.744308		
1716.739808	2880.744308		
1731.404763	2880.744308		
1743.718355	2880.744308		
1758.284754	2880.744308		
1770.892633	2880.744308		
1785.354960	2880.744308		
1797.831621	2880.744308		
1812.469681	2880.744308		
1825.074581	2880.744308		
1406.339581	2894.564078		
1418.429838	2894.564078		
1433.486860	2894.564078		
1445.634935	2894.564078		
1460.333304	2894.564078		
1472.821826	2894.564078		
1487.466711	2894.564078		
1499.931697	2894.564078		
1514.505220	2894.564078		
1527.149578	2894.564078		
1541.737516	2894.564078		
1554.175025	2894.564078		
1568.844071	2894.564078		
1581.376189	2894.564078		
1595.904356	2894.564078		
1608.318908	2894.564078		
1623.175820	2894.564078		
1635.590094	2894.564078		
1650.087729	2894.564078		
1662.372956	2894.564078		
1677.205363	2894.564078		
1689.557483	2894.564078		
1704.059264	2894.564078		
1716.739808	2894.564078		
1731.404763	2894.564078		
1743.718355	2894.564078		
1758.284754	2894.564078		
1770.892633	2894.564078		
1785.354960	2894.564078		
1797.831621	2894.564078		
1812.469681	2894.564078		
1825.074581	2894.564078		
1406.339581	2908.518618		
1418.429838	2908.518618		
1433.486860	2908.518618		
1445.634935	2908.518618		
1460.333304	2908.518618		
1472.821826	2908.518618		
1487.466711	2908.518618		
1499.931697	2908.518618		
1514.505220	2908.518618		
1527.149578	2908.518618		
1541.737516	2908.518618		
1554.175025	2908.518618		
1568.844071	2908.518618		
1581.376189	2908.518618		
1595.904356	2908.518618		
1608.318908	2908.518618		
1623.175820	2908.518618		
1635.590094	2908.518618		
1650.087729	2908.518618		
1662.372956	2908.518618		
1677.205363	2908.518618		
1689.557483	2908.518618		
1704.059264	2908.518618		
1716.739808	2908.518618		
1731.404763	2908.518618		
1743.718355	2908.518618		
1758.284754	2908.518618		
1770.892633	2908.518618		
1785.354960	2908.518618		
1797.831621	2908.518618		
1812.469681	2908.518618		
1825.074581	2908.518618		
1406.339581	2922.662261		
1418.429838	2922.662261		
1433.486860	2922.662261		
1445.634935	2922.662261		
1460.333304	2922.662261		
1472.821826	2922.662261		
1487.466711	2922.662261		
1499.931697	2922.662261		
1514.505220	2922.662261		
1527.149578	2922.662261		
1541.737516	2922.662261		
1554.175025	2922.662261		
1568.844071	2922.662261		
1581.376189	2922.662261		
1595.904356	2922.662261		
1608.318908	2922.662261		
1623.175820	2922.662261		
1635.590094	2922.662261		
1650.087729	2922.662261		
1662.372956	2922.662261		
1677.205363	2922.662261		
1689.557483	2922.662261		
1704.059264	2922.662261		
1716.739808	2922.662261		
1731.404763	2922.662261		
1743.718355	2922.662261		
1758.284754	2922.662261		
1770.892633	2922.662261		
1785.354960	2922.662261		
1797.831621	2922.662261		
1812.469681	2922.662261		
1825.074581	2922.662261		
1406.339581	2934.067900		
1418.429838	2934.067900		
1433.486860	2934.067900		
1445.634935	2934.067900		
1460.333304	2934.067900		
1472.821826	2934.067900		
1487.466711	2934.067900		
1499.931697	2934.067900		
1514.505220	2934.067900		
1527.149578	2934.067900		
1541.737516	2934.067900		
1554.175025	2934.067900		
1568.844071	2934.067900		
1581.376189	2934.067900		
1595.904356	2934.067900		
1608.318908	2934.067900		
1623.175820	2934.067900		
1635.590094	2934.067900		
1650.087729	2934.067900		
1662.372956	2934.067900		
1677.205363	2934.067900		
1689.557483	2934.067900		
1704.059264	2934.067900		
1716.739808	2934.067900		
1731.404763	2934.067900		
1743.718355	2934.067900		
1758.284754	2934.067900		
1770.892633	2934.067900		
1785.354960	2934.067900		
1797.831621	2934.067900		
1812.469681	2934.067900		
1825.074581	2934.067900		
1406.339581	2948.046929		
1418.429838	2948.046929		
1433.486860	2948.046929		
1445.634935	2948.046929		
1460.333304	2948.046929		
1472.821826	2948.046929		
1487.466711	2948.046929		
1499.931697	2948.046929		
1514.505220	2948.046929		
1527.149578	2948.046929		
1541.737516	2948.046929		
1554.175025	2948.046929		
1568.844071	2948.046929		
1581.376189	2948.046929		
1595.904356	2948.046929		
1608.318908	2948.046929		
1623.175820	2948.046929		
1635.590094	2948.046929		
1650.087729	2948.046929		
1662.372956	2948.046929		
1677.205363	2948.046929		
1689.557483	2948.046929		
1704.059264	2948.046929		
1716.739808	2948.046929		
1731.404763	2948.046929		
1743.718355	2948.046929		
1758.284754	2948.046929		
1770.892633	2948.046929		
1785.354960	2948.046929		
1797.831621	2948.046929		
1812.469681	2948.046929		
1825.074581	2948.046929		
1406.339581	2961.905706		
1418.429838	2961.905706		
1433.486860	2961.905706		
1445.634935	2961.905706		
1460.333304	2961.905706		
1472.821826	2961.905706		
1487.466711	2961.905706		
1499.931697	2961.905706		
1514.505220	2961.905706		
1527.149578	2961.905706		
1541.737516	2961.905706		
1554.175025	2961.905706		
1568.844071	2961.905706		
1581.376189	2961.905706		
1595.904356	2961.905706		
1608.318908	2961.905706		
1623.175820	2961.905706		
1635.590094	2961.905706		
1650.087729	2961.905706		
1662.372956	2961.905706		
1677.205363	2961.905706		
1689.557483	2961.905706		
1704.059264	2961.905706		
1716.739808	2961.905706		
1731.404763	2961.905706		
1743.718355	2961.905706		
1758.284754	2961.905706		
1770.892633	2961.905706		
1785.354960	2961.905706		
1797.831621	2961.905706		
1812.469681	2961.905706		
1825.074581	2961.905706		
1406.339581	2975.798058		
1418.429838	2975.798058		
1433.486860	2975.798058		
1445.634935	2975.798058		
1460.333304	2975.798058		
1472.821826	2975.798058		
1487.466711	2975.798058		
1499.931697	2975.798058		
1514.505220	2975.798058		
1527.149578	2975.798058		
1541.737516	2975.798058		
1554.175025	2975.798058		
1568.844071	2975.798058		
1581.376189	2975.798058		
1595.904356	2975.798058		
1608.318908	2975.798058		
1623.175820	2975.798058		
1635.590094	2975.798058		
1650.087729	2975.798058		
1662.372956	2975.798058		
1677.205363	2975.798058		
1689.557483	2975.798058		
1704.059264	2975.798058		
1716.739808	2975.798058		
1731.404763	2975.798058		
1743.718355	2975.798058		
1758.284754	2975.798058		
1770.892633	2975.798058		
1785.354960	2975.798058		
1797.831621	2975.798058		
1812.469681	2975.798058		
1825.074581	2975.798058		
1406.339581	2989.474599		
1418.429838	2989.474599		
1433.486860	2989.474599		
1445.634935	2989.474599		
1460.333304	2989.474599		
1472.821826	2989.474599		
1487.466711	2989.474599		
1499.931697	2989.474599		
1514.505220	2989.474599		
1527.149578	2989.474599		
1541.737516	2989.474599		
1554.175025	2989.474599		
1568.844071	2989.474599		
1581.376189	2989.474599		
1595.904356	2989.474599		
1608.318908	2989.474599		
1623.175820	2989.474599		
1635.590094	2989.474599		
1650.087729	2989.474599		
1662.372956	2989.474599		
1677.205363	2989.474599		
1689.557483	2989.474599		
1704.059264	2989.474599		
1716.739808	2989.474599		
1731.404763	2989.474599		
1743.718355	2989.474599		
1758.284754	2989.474599		
1770.892633	2989.474599		
1785.354960	2989.474599		
1797.831621	2989.474599		
1812.469681	2989.474599		
1825.074581	2989.474599		
1406.339581	3003.448614		
1418.429838	3003.448614		
1433.486860	3003.448614		
1445.634935	3003.448614		
1460.333304	3003.448614		
1472.821826	3003.448614		
1487.466711	3003.448614		
1499.931697	3003.448614		
1514.505220	3003.448614		
1527.149578	3003.448614		
1541.737516	3003.448614		
1554.175025	3003.448614		
1568.844071	3003.448614		
1581.376189	3003.448614		
1595.904356	3003.448614		
1608.318908	3003.448614		
1623.175820	3003.448614		
1635.590094	3003.448614		
1650.087729	3003.448614		
1662.372956	3003.448614		
1677.205363	3003.448614		
1689.557483	3003.448614		
1704.059264	3003.448614		
1716.739808	3003.448614		
1731.404763	3003.448614		
1743.718355	3003.448614		
1758.284754	3003.448614		
1770.892633	3003.448614		
1785.354960	3003.448614		
1797.831621	3003.448614		
1812.469681	3003.448614		
1825.074581	3003.448614		
1406.339581	3017.389032		
1418.429838	3017.389032		
1433.486860	3017.389032		
1445.634935	3017.389032		
1460.333304	3017.389032		
1472.821826	3017.389032		
1487.466711	3017.389032		
1499.931697	3017.389032		
1514.505220	3017.389032		
1527.149578	3017.389032		
1541.737516	3017.389032		
1554.175025	3017.389032		
1568.844071	3017.389032		
1581.376189	3017.389032		
1595.904356	3017.389032		
1608.318908	3017.389032		
1623.175820	3017.389032		
1635.590094	3017.389032		
1650.087729	3017.389032		
1662.372956	3017.389032		
1677.205363	3017.389032		
1689.557483	3017.389032		
1704.059264	3017.389032		
1716.739808	3017.389032		
1731.404763	3017.389032		
1743.718355	3017.389032		
1758.284754	3017.389032		
1770.892633	3017.389032		
1785.354960	3017.389032		
1797.831621	3017.389032		
1812.469681	3017.389032		
1825.074581	3017.389032		
1406.339581	3031.303826		
1418.429838	3031.303826		
1433.486860	3031.303826		
1445.634935	3031.303826		
1460.333304	3031.303826		
1472.821826	3031.303826		
1487.466711	3031.303826		
1499.931697	3031.303826		
1514.505220	3031.303826		
1527.149578	3031.303826		
1541.737516	3031.303826		
1554.175025	3031.303826		
1568.844071	3031.303826		
1581.376189	3031.303826		
1595.904356	3031.303826		
1608.318908	3031.303826		
1623.175820	3031.303826		
1635.590094	3031.303826		
1650.087729	3031.303826		
1662.372956	3031.303826		
1677.205363	3031.303826		
1689.557483	3031.303826		
1704.059264	3031.303826		
1716.739808	3031.303826		
1731.404763	3031.303826		
1743.718355	3031.303826		
1758.284754	3031.303826		
1770.892633	3031.303826		
1785.354960	3031.303826		
1797.831621	3031.303826		
1812.469681	3031.303826		
1825.074581	3031.303826		
1406.339581	3045.245829		
1418.429838	3045.245829		
1433.486860	3045.245829		
1445.634935	3045.245829		
1460.333304	3045.245829		
1472.821826	3045.245829		
1487.466711	3045.245829		
1499.931697	3045.245829		
1514.505220	3045.245829		
1527.149578	3045.245829		
1541.737516	3045.245829		
1554.175025	3045.245829		
1568.844071	3045.245829		
1581.376189	3045.245829		
1595.904356	3045.245829		
1608.318908	3045.245829		
1623.175820	3045.245829		
1635.590094	3045.245829		
1650.087729	3045.245829		
1662.372956	3045.245829		
1677.205363	3045.245829		
1689.557483	3045.245829		
1704.059264	3045.245829		
1716.739808	3045.245829		
1731.404763	3045.245829		
1743.718355	3045.245829		
1758.284754	3045.245829		
1770.892633	3045.245829		
1785.354960	3045.245829		
1797.831621	3045.245829		
1812.469681	3045.245829		
1825.074581	3045.245829		
1406.339581	3059.260046		
1418.429838	3059.260046		
1433.486860	3059.260046		
1445.634935	3059.260046		
1460.333304	3059.260046		
1472.821826	3059.260046		
1487.466711	3059.260046		
1499.931697	3059.260046		
1514.505220	3059.260046		
1527.149578	3059.260046		
1541.737516	3059.260046		
1554.175025	3059.260046		
1568.844071	3059.260046		
1581.376189	3059.260046		
1595.904356	3059.260046		
1608.318908	3059.260046		
1623.175820	3059.260046		
1635.590094	3059.260046		
1650.087729	3059.260046		
1662.372956	3059.260046		
1677.205363	3059.260046		
1689.557483	3059.260046		
1704.059264	3059.260046		
1716.739808	3059.260046		
1731.404763	3059.260046		
1743.718355	3059.260046		
1758.284754	3059.260046		
1770.892633	3059.260046		
1785.354960	3059.260046		
1797.831621	3059.260046		
1812.469681	3059.260046		
1825.074581	3059.260046		
1406.339581	3073.204836		
1418.429838	3073.204836		
1433.486860	3073.204836		
1445.634935	3073.204836		
1460.333304	3073.204836		
1472.821826	3073.204836		
1487.466711	3073.204836		
1499.931697	3073.204836		
1514.505220	3073.204836		
1527.149578	3073.204836		
1541.737516	3073.204836		
1554.175025	3073.204836		
1568.844071	3073.204836		
1581.376189	3073.204836		
1595.904356	3073.204836		
1608.318908	3073.204836		
1623.175820	3073.204836		
1635.590094	3073.204836		
1650.087729	3073.204836		
1662.372956	3073.204836		
1677.205363	3073.204836		
1689.557483	3073.204836		
1704.059264	3073.204836		
1716.739808	3073.204836		
1731.404763	3073.204836		
1743.718355	3073.204836		
1758.284754	3073.204836		
1770.892633	3073.204836		
1785.354960	3073.204836		
1797.831621	3073.204836		
1812.469681	3073.204836		
1825.074581	3073.204836		
1406.339581	3086.984144		
1418.429838	3086.984144		
1433.486860	3086.984144		
1445.634935	3086.984144		
1460.333304	3086.984144		
1472.821826	3086.984144		
1487.466711	3086.984144		
1499.931697	3086.984144		
1514.505220	3086.984144		
1527.149578	3086.984144		
1541.737516	3086.984144		
1554.175025	3086.984144		
1568.844071	3086.984144		
1581.376189	3086.984144		
1595.904356	3086.984144		
1608.318908	3086.984144		
1623.175820	3086.984144		
1635.590094	3086.984144		
1650.087729	3086.984144		
1662.372956	3086.984144		
1677.205363	3086.984144		
1689.557483	3086.984144		
1704.059264	3086.984144		
1716.739808	3086.984144		
1731.404763	3086.984144		
1743.718355	3086.984144		
1758.284754	3086.984144		
1770.892633	3086.984144		
1785.354960	3086.984144		
1797.831621	3086.984144		
1812.469681	3086.984144		
1825.074581	3086.984144		
1406.339581	3101.037644		
1418.429838	3101.037644		
1433.486860	3101.037644		
1445.634935	3101.037644		
1460.333304	3101.037644		
1472.821826	3101.037644		
1487.466711	3101.037644		
1499.931697	3101.037644		
1514.505220	3101.037644		
1527.149578	3101.037644		
1541.737516	3101.037644		
1554.175025	3101.037644		
1568.844071	3101.037644		
1581.376189	3101.037644		
1595.904356	3101.037644		
1608.318908	3101.037644		
1623.175820	3101.037644		
1635.590094	3101.037644		
1650.087729	3101.037644		
1662.372956	3101.037644		
1677.205363	3101.037644		
1689.557483	3101.037644		
1704.059264	3101.037644		
1716.739808	3101.037644		
1731.404763	3101.037644		
1743.718355	3101.037644		
1758.284754	3101.037644		
1770.892633	3101.037644		
1785.354960	3101.037644		
1797.831621	3101.037644		
1812.469681	3101.037644		
1825.074581	3101.037644		
1406.339581	3114.968456		
1418.429838	3114.968456		
1433.486860	3114.968456		
1445.634935	3114.968456		
1460.333304	3114.968456		
1472.821826	3114.968456		
1487.466711	3114.968456		
1499.931697	3114.968456		
1514.505220	3114.968456		
1527.149578	3114.968456		
1541.737516	3114.968456		
1554.175025	3114.968456		
1568.844071	3114.968456		
1581.376189	3114.968456		
1595.904356	3114.968456		
1608.318908	3114.968456		
1623.175820	3114.968456		
1635.590094	3114.968456		
1650.087729	3114.968456		
1662.372956	3114.968456		
1677.205363	3114.968456		
1689.557483	3114.968456		
1704.059264	3114.968456		
1716.739808	3114.968456		
1731.404763	3114.968456		
1743.718355	3114.968456		
1758.284754	3114.968456		
1770.892633	3114.968456		
1785.354960	3114.968456		
1797.831621	3114.968456		
1812.469681	3114.968456		
1825.074581	3114.968456		
1406.339581	3129.021672		
1418.429838	3129.021672		
1433.486860	3129.021672		
1445.634935	3129.021672		
1460.333304	3129.021672		
1472.821826	3129.021672		
1487.466711	3129.021672		
1499.931697	3129.021672		
1514.505220	3129.021672		
1527.149578	3129.021672		
1541.737516	3129.021672		
1554.175025	3129.021672		
1568.844071	3129.021672		
1581.376189	3129.021672		
1595.904356	3129.021672		
1608.318908	3129.021672		
1623.175820	3129.021672		
1635.590094	3129.021672		
1650.087729	3129.021672		
1662.372956	3129.021672		
1677.205363	3129.021672		
1689.557483	3129.021672		
1704.059264	3129.021672		
1716.739808	3129.021672		
1731.404763	3129.021672		
1743.718355	3129.021672		
1758.284754	3129.021672		
1770.892633	3129.021672		
1785.354960	3129.021672		
1797.831621	3129.021672		
1812.469681	3129.021672		
1825.074581	3129.021672		
1406.339581	3143.081817		
1418.429838	3143.081817		
1433.486860	3143.081817		
1445.634935	3143.081817		
1460.333304	3143.081817		
1472.821826	3143.081817		
1487.466711	3143.081817		
1499.931697	3143.081817		
1514.505220	3143.081817		
1527.149578	3143.081817		
1541.737516	3143.081817		
1554.175025	3143.081817		
1568.844071	3143.081817		
1581.376189	3143.081817		
1595.904356	3143.081817		
1608.318908	3143.081817		
1623.175820	3143.081817		
1635.590094	3143.081817		
1650.087729	3143.081817		
1662.372956	3143.081817		
1677.205363	3143.081817		
1689.557483	3143.081817		
1704.059264	3143.081817		
1716.739808	3143.081817		
1731.404763	3143.081817		
1743.718355	3143.081817		
1758.284754	3143.081817		
1770.892633	3143.081817		
1785.354960	3143.081817		
1797.831621	3143.081817		
1812.469681	3143.081817		
1825.074581	3143.081817		
