Point	Grid		
30	32		
47.182193	3645.398410		
60.162431	3645.398410		
75.647684	3645.398410		
88.143203	3645.398410		
104.040612	3645.398410		
116.530579	3645.398410		
131.850176	3645.398410		
144.736725	3645.398410		
160.035485	3645.398410		
172.657138	3645.398410		
188.132484	3645.398410		
200.685372	3645.398410		
215.942033	3645.398410		
228.298974	3645.398410		
243.730410	3645.398410		
256.491293	3645.398410		
271.524458	3645.398410		
284.334662	3645.398410		
299.336784	3645.398410		
311.811754	3645.398410		
327.084953	3645.398410		
339.600803	3645.398410		
354.433479	3645.398410		
367.238386	3645.398410		
382.126266	3645.398410		
394.754445	3645.398410		
409.801487	3645.398410		
422.701198	3645.398410		
437.423691	3645.398410		
449.127182	3645.398410		
464.991783	3645.398410		
477.238615	3645.398410		
47.182193	3659.559784		
60.162431	3659.559784		
75.647684	3659.559784		
88.143203	3659.559784		
104.040612	3659.559784		
116.530579	3659.559784		
131.850176	3659.559784		
144.736725	3659.559784		
160.035485	3659.559784		
172.657138	3659.559784		
188.132484	3659.559784		
200.685372	3659.559784		
215.942033	3659.559784		
228.298974	3659.559784		
243.730410	3659.559784		
256.491293	3659.559784		
271.524458	3659.559784		
284.334662	3659.559784		
299.336784	3659.559784		
311.811754	3659.559784		
327.084953	3659.559784		
339.600803	3659.559784		
354.433479	3659.559784		
367.238386	3659.559784		
382.126266	3659.559784		
394.754445	3659.559784		
409.801487	3659.559784		
422.701198	3659.559784		
437.423691	3659.559784		
449.127182	3659.559784		
464.991783	3659.559784		
477.238615	3659.559784		
47.182193	3673.300546		
60.162431	3673.300546		
75.647684	3673.300546		
88.143203	3673.300546		
104.040612	3673.300546		
116.530579	3673.300546		
131.850176	3673.300546		
144.736725	3673.300546		
160.035485	3673.300546		
172.657138	3673.300546		
188.132484	3673.300546		
200.685372	3673.300546		
215.942033	3673.300546		
228.298974	3673.300546		
243.730410	3673.300546		
256.491293	3673.300546		
271.524458	3673.300546		
284.334662	3673.300546		
299.336784	3673.300546		
311.811754	3673.300546		
327.084953	3673.300546		
339.600803	3673.300546		
354.433479	3673.300546		
367.238386	3673.300546		
382.126266	3673.300546		
394.754445	3673.300546		
409.801487	3673.300546		
422.701198	3673.300546		
437.423691	3673.300546		
449.127182	3673.300546		
464.991783	3673.300546		
477.238615	3673.300546		
47.182193	3687.138033		
60.162431	3687.138033		
75.647684	3687.138033		
88.143203	3687.138033		
104.040612	3687.138033		
116.530579	3687.138033		
131.850176	3687.138033		
144.736725	3687.138033		
160.035485	3687.138033		
172.657138	3687.138033		
188.132484	3687.138033		
200.685372	3687.138033		
215.942033	3687.138033		
228.298974	3687.138033		
243.730410	3687.138033		
256.491293	3687.138033		
271.524458	3687.138033		
284.334662	3687.138033		
299.336784	3687.138033		
311.811754	3687.138033		
327.084953	3687.138033		
339.600803	3687.138033		
354.433479	3687.138033		
367.238386	3687.138033		
382.126266	3687.138033		
394.754445	3687.138033		
409.801487	3687.138033		
422.701198	3687.138033		
437.423691	3687.138033		
449.127182	3687.138033		
464.991783	3687.138033		
477.238615	3687.138033		
47.182193	3701.026236		
60.162431	3701.026236		
75.647684	3701.026236		
88.143203	3701.026236		
104.040612	3701.026236		
116.530579	3701.026236		
131.850176	3701.026236		
144.736725	3701.026236		
160.035485	3701.026236		
172.657138	3701.026236		
188.132484	3701.026236		
200.685372	3701.026236		
215.942033	3701.026236		
228.298974	3701.026236		
243.730410	3701.026236		
256.491293	3701.026236		
271.524458	3701.026236		
284.334662	3701.026236		
299.336784	3701.026236		
311.811754	3701.026236		
327.084953	3701.026236		
339.600803	3701.026236		
354.433479	3701.026236		
367.238386	3701.026236		
382.126266	3701.026236		
394.754445	3701.026236		
409.801487	3701.026236		
422.701198	3701.026236		
437.423691	3701.026236		
449.127182	3701.026236		
464.991783	3701.026236		
477.238615	3701.026236		
47.182193	3715.140236		
60.162431	3715.140236		
75.647684	3715.140236		
88.143203	3715.140236		
104.040612	3715.140236		
116.530579	3715.140236		
131.850176	3715.140236		
144.736725	3715.140236		
160.035485	3715.140236		
172.657138	3715.140236		
188.132484	3715.140236		
200.685372	3715.140236		
215.942033	3715.140236		
228.298974	3715.140236		
243.730410	3715.140236		
256.491293	3715.140236		
271.524458	3715.140236		
284.334662	3715.140236		
299.336784	3715.140236		
311.811754	3715.140236		
327.084953	3715.140236		
339.600803	3715.140236		
354.433479	3715.140236		
367.238386	3715.140236		
382.126266	3715.140236		
394.754445	3715.140236		
409.801487	3715.140236		
422.701198	3715.140236		
437.423691	3715.140236		
449.127182	3715.140236		
464.991783	3715.140236		
477.238615	3715.140236		
47.182193	3729.255660		
60.162431	3729.255660		
75.647684	3729.255660		
88.143203	3729.255660		
104.040612	3729.255660		
116.530579	3729.255660		
131.850176	3729.255660		
144.736725	3729.255660		
160.035485	3729.255660		
172.657138	3729.255660		
188.132484	3729.255660		
200.685372	3729.255660		
215.942033	3729.255660		
228.298974	3729.255660		
243.730410	3729.255660		
256.491293	3729.255660		
271.524458	3729.255660		
284.334662	3729.255660		
299.336784	3729.255660		
311.811754	3729.255660		
327.084953	3729.255660		
339.600803	3729.255660		
354.433479	3729.255660		
367.238386	3729.255660		
382.126266	3729.255660		
394.754445	3729.255660		
409.801487	3729.255660		
422.701198	3729.255660		
437.423691	3729.255660		
449.127182	3729.255660		
464.991783	3729.255660		
477.238615	3729.255660		
47.182193	3743.158107		
60.162431	3743.158107		
75.647684	3743.158107		
88.143203	3743.158107		
104.040612	3743.158107		
116.530579	3743.158107		
131.850176	3743.158107		
144.736725	3743.158107		
160.035485	3743.158107		
172.657138	3743.158107		
188.132484	3743.158107		
200.685372	3743.158107		
215.942033	3743.158107		
228.298974	3743.158107		
243.730410	3743.158107		
256.491293	3743.158107		
271.524458	3743.158107		
284.334662	3743.158107		
299.336784	3743.158107		
311.811754	3743.158107		
327.084953	3743.158107		
339.600803	3743.158107		
354.433479	3743.158107		
367.238386	3743.158107		
382.126266	3743.158107		
394.754445	3743.158107		
409.801487	3743.158107		
422.701198	3743.158107		
437.423691	3743.158107		
449.127182	3743.158107		
464.991783	3743.158107		
477.238615	3743.158107		
47.182193	3756.999286		
60.162431	3756.999286		
75.647684	3756.999286		
88.143203	3756.999286		
104.040612	3756.999286		
116.530579	3756.999286		
131.850176	3756.999286		
144.736725	3756.999286		
160.035485	3756.999286		
172.657138	3756.999286		
188.132484	3756.999286		
200.685372	3756.999286		
215.942033	3756.999286		
228.298974	3756.999286		
243.730410	3756.999286		
256.491293	3756.999286		
271.524458	3756.999286		
284.334662	3756.999286		
299.336784	3756.999286		
311.811754	3756.999286		
327.084953	3756.999286		
339.600803	3756.999286		
354.433479	3756.999286		
367.238386	3756.999286		
382.126266	3756.999286		
394.754445	3756.999286		
409.801487	3756.999286		
422.701198	3756.999286		
437.423691	3756.999286		
449.127182	3756.999286		
464.991783	3756.999286		
477.238615	3756.999286		
47.182193	3770.857588		
60.162431	3770.857588		
75.647684	3770.857588		
88.143203	3770.857588		
104.040612	3770.857588		
116.530579	3770.857588		
131.850176	3770.857588		
144.736725	3770.857588		
160.035485	3770.857588		
172.657138	3770.857588		
188.132484	3770.857588		
200.685372	3770.857588		
215.942033	3770.857588		
228.298974	3770.857588		
243.730410	3770.857588		
256.491293	3770.857588		
271.524458	3770.857588		
284.334662	3770.857588		
299.336784	3770.857588		
311.811754	3770.857588		
327.084953	3770.857588		
339.600803	3770.857588		
354.433479	3770.857588		
367.238386	3770.857588		
382.126266	3770.857588		
394.754445	3770.857588		
409.801487	3770.857588		
422.701198	3770.857588		
437.423691	3770.857588		
449.127182	3770.857588		
464.991783	3770.857588		
477.238615	3770.857588		
47.182193	3784.569167		
60.162431	3784.569167		
75.647684	3784.569167		
88.143203	3784.569167		
104.040612	3784.569167		
116.530579	3784.569167		
131.850176	3784.569167		
144.736725	3784.569167		
160.035485	3784.569167		
172.657138	3784.569167		
188.132484	3784.569167		
200.685372	3784.569167		
215.942033	3784.569167		
228.298974	3784.569167		
243.730410	3784.569167		
256.491293	3784.569167		
271.524458	3784.569167		
284.334662	3784.569167		
299.336784	3784.569167		
311.811754	3784.569167		
327.084953	3784.569167		
339.600803	3784.569167		
354.433479	3784.569167		
367.238386	3784.569167		
382.126266	3784.569167		
394.754445	3784.569167		
409.801487	3784.569167		
422.701198	3784.569167		
437.423691	3784.569167		
449.127182	3784.569167		
464.991783	3784.569167		
477.238615	3784.569167		
47.182193	3798.659344		
60.162431	3798.659344		
75.647684	3798.659344		
88.143203	3798.659344		
104.040612	3798.659344		
116.530579	3798.659344		
131.850176	3798.659344		
144.736725	3798.659344		
160.035485	3798.659344		
172.657138	3798.659344		
188.132484	3798.659344		
200.685372	3798.659344		
215.942033	3798.659344		
228.298974	3798.659344		
243.730410	3798.659344		
256.491293	3798.659344		
271.524458	3798.659344		
284.334662	3798.659344		
299.336784	3798.659344		
311.811754	3798.659344		
327.084953	3798.659344		
339.600803	3798.659344		
354.433479	3798.659344		
367.238386	3798.659344		
382.126266	3798.659344		
394.754445	3798.659344		
409.801487	3798.659344		
422.701198	3798.659344		
437.423691	3798.659344		
449.127182	3798.659344		
464.991783	3798.659344		
477.238615	3798.659344		
47.182193	3812.697994		
60.162431	3812.697994		
75.647684	3812.697994		
88.143203	3812.697994		
104.040612	3812.697994		
116.530579	3812.697994		
131.850176	3812.697994		
144.736725	3812.697994		
160.035485	3812.697994		
172.657138	3812.697994		
188.132484	3812.697994		
200.685372	3812.697994		
215.942033	3812.697994		
228.298974	3812.697994		
243.730410	3812.697994		
256.491293	3812.697994		
271.524458	3812.697994		
284.334662	3812.697994		
299.336784	3812.697994		
311.811754	3812.697994		
327.084953	3812.697994		
339.600803	3812.697994		
354.433479	3812.697994		
367.238386	3812.697994		
382.126266	3812.697994		
394.754445	3812.697994		
409.801487	3812.697994		
422.701198	3812.697994		
437.423691	3812.697994		
449.127182	3812.697994		
464.991783	3812.697994		
477.238615	3812.697994		
47.182193	3826.612700		
60.162431	3826.612700		
75.647684	3826.612700		
88.143203	3826.612700		
104.040612	3826.612700		
116.530579	3826.612700		
131.850176	3826.612700		
144.736725	3826.612700		
160.035485	3826.612700		
172.657138	3826.612700		
188.132484	3826.612700		
200.685372	3826.612700		
215.942033	3826.612700		
228.298974	3826.612700		
243.730410	3826.612700		
256.491293	3826.612700		
271.524458	3826.612700		
284.334662	3826.612700		
299.336784	3826.612700		
311.811754	3826.612700		
327.084953	3826.612700		
339.600803	3826.612700		
354.433479	3826.612700		
367.238386	3826.612700		
382.126266	3826.612700		
394.754445	3826.612700		
409.801487	3826.612700		
422.701198	3826.612700		
437.423691	3826.612700		
449.127182	3826.612700		
464.991783	3826.612700		
477.238615	3826.612700		
47.182193	3838.378776		
60.162431	3838.378776		
75.647684	3838.378776		
88.143203	3838.378776		
104.040612	3838.378776		
116.530579	3838.378776		
131.850176	3838.378776		
144.736725	3838.378776		
160.035485	3838.378776		
172.657138	3838.378776		
188.132484	3838.378776		
200.685372	3838.378776		
215.942033	3838.378776		
228.298974	3838.378776		
243.730410	3838.378776		
256.491293	3838.378776		
271.524458	3838.378776		
284.334662	3838.378776		
299.336784	3838.378776		
311.811754	3838.378776		
327.084953	3838.378776		
339.600803	3838.378776		
354.433479	3838.378776		
367.238386	3838.378776		
382.126266	3838.378776		
394.754445	3838.378776		
409.801487	3838.378776		
422.701198	3838.378776		
437.423691	3838.378776		
449.127182	3838.378776		
464.991783	3838.378776		
477.238615	3838.378776		
47.182193	3852.157272		
60.162431	3852.157272		
75.647684	3852.157272		
88.143203	3852.157272		
104.040612	3852.157272		
116.530579	3852.157272		
131.850176	3852.157272		
144.736725	3852.157272		
160.035485	3852.157272		
172.657138	3852.157272		
188.132484	3852.157272		
200.685372	3852.157272		
215.942033	3852.157272		
228.298974	3852.157272		
243.730410	3852.157272		
256.491293	3852.157272		
271.524458	3852.157272		
284.334662	3852.157272		
299.336784	3852.157272		
311.811754	3852.157272		
327.084953	3852.157272		
339.600803	3852.157272		
354.433479	3852.157272		
367.238386	3852.157272		
382.126266	3852.157272		
394.754445	3852.157272		
409.801487	3852.157272		
422.701198	3852.157272		
437.423691	3852.157272		
449.127182	3852.157272		
464.991783	3852.157272		
477.238615	3852.157272		
47.182193	3865.933901		
60.162431	3865.933901		
75.647684	3865.933901		
88.143203	3865.933901		
104.040612	3865.933901		
116.530579	3865.933901		
131.850176	3865.933901		
144.736725	3865.933901		
160.035485	3865.933901		
172.657138	3865.933901		
188.132484	3865.933901		
200.685372	3865.933901		
215.942033	3865.933901		
228.298974	3865.933901		
243.730410	3865.933901		
256.491293	3865.933901		
271.524458	3865.933901		
284.334662	3865.933901		
299.336784	3865.933901		
311.811754	3865.933901		
327.084953	3865.933901		
339.600803	3865.933901		
354.433479	3865.933901		
367.238386	3865.933901		
382.126266	3865.933901		
394.754445	3865.933901		
409.801487	3865.933901		
422.701198	3865.933901		
437.423691	3865.933901		
449.127182	3865.933901		
464.991783	3865.933901		
477.238615	3865.933901		
47.182193	3879.786142		
60.162431	3879.786142		
75.647684	3879.786142		
88.143203	3879.786142		
104.040612	3879.786142		
116.530579	3879.786142		
131.850176	3879.786142		
144.736725	3879.786142		
160.035485	3879.786142		
172.657138	3879.786142		
188.132484	3879.786142		
200.685372	3879.786142		
215.942033	3879.786142		
228.298974	3879.786142		
243.730410	3879.786142		
256.491293	3879.786142		
271.524458	3879.786142		
284.334662	3879.786142		
299.336784	3879.786142		
311.811754	3879.786142		
327.084953	3879.786142		
339.600803	3879.786142		
354.433479	3879.786142		
367.238386	3879.786142		
382.126266	3879.786142		
394.754445	3879.786142		
409.801487	3879.786142		
422.701198	3879.786142		
437.423691	3879.786142		
449.127182	3879.786142		
464.991783	3879.786142		
477.238615	3879.786142		
47.182193	3893.579711		
60.162431	3893.579711		
75.647684	3893.579711		
88.143203	3893.579711		
104.040612	3893.579711		
116.530579	3893.579711		
131.850176	3893.579711		
144.736725	3893.579711		
160.035485	3893.579711		
172.657138	3893.579711		
188.132484	3893.579711		
200.685372	3893.579711		
215.942033	3893.579711		
228.298974	3893.579711		
243.730410	3893.579711		
256.491293	3893.579711		
271.524458	3893.579711		
284.334662	3893.579711		
299.336784	3893.579711		
311.811754	3893.579711		
327.084953	3893.579711		
339.600803	3893.579711		
354.433479	3893.579711		
367.238386	3893.579711		
382.126266	3893.579711		
394.754445	3893.579711		
409.801487	3893.579711		
422.701198	3893.579711		
437.423691	3893.579711		
449.127182	3893.579711		
464.991783	3893.579711		
477.238615	3893.579711		
47.182193	3907.726289		
60.162431	3907.726289		
75.647684	3907.726289		
88.143203	3907.726289		
104.040612	3907.726289		
116.530579	3907.726289		
131.850176	3907.726289		
144.736725	3907.726289		
160.035485	3907.726289		
172.657138	3907.726289		
188.132484	3907.726289		
200.685372	3907.726289		
215.942033	3907.726289		
228.298974	3907.726289		
243.730410	3907.726289		
256.491293	3907.726289		
271.524458	3907.726289		
284.334662	3907.726289		
299.336784	3907.726289		
311.811754	3907.726289		
327.084953	3907.726289		
339.600803	3907.726289		
354.433479	3907.726289		
367.238386	3907.726289		
382.126266	3907.726289		
394.754445	3907.726289		
409.801487	3907.726289		
422.701198	3907.726289		
437.423691	3907.726289		
449.127182	3907.726289		
464.991783	3907.726289		
477.238615	3907.726289		
47.182193	3921.562640		
60.162431	3921.562640		
75.647684	3921.562640		
88.143203	3921.562640		
104.040612	3921.562640		
116.530579	3921.562640		
131.850176	3921.562640		
144.736725	3921.562640		
160.035485	3921.562640		
172.657138	3921.562640		
188.132484	3921.562640		
200.685372	3921.562640		
215.942033	3921.562640		
228.298974	3921.562640		
243.730410	3921.562640		
256.491293	3921.562640		
271.524458	3921.562640		
284.334662	3921.562640		
299.336784	3921.562640		
311.811754	3921.562640		
327.084953	3921.562640		
339.600803	3921.562640		
354.433479	3921.562640		
367.238386	3921.562640		
382.126266	3921.562640		
394.754445	3921.562640		
409.801487	3921.562640		
422.701198	3921.562640		
437.423691	3921.562640		
449.127182	3921.562640		
464.991783	3921.562640		
477.238615	3921.562640		
47.182193	3935.665423		
60.162431	3935.665423		
75.647684	3935.665423		
88.143203	3935.665423		
104.040612	3935.665423		
116.530579	3935.665423		
131.850176	3935.665423		
144.736725	3935.665423		
160.035485	3935.665423		
172.657138	3935.665423		
188.132484	3935.665423		
200.685372	3935.665423		
215.942033	3935.665423		
228.298974	3935.665423		
243.730410	3935.665423		
256.491293	3935.665423		
271.524458	3935.665423		
284.334662	3935.665423		
299.336784	3935.665423		
311.811754	3935.665423		
327.084953	3935.665423		
339.600803	3935.665423		
354.433479	3935.665423		
367.238386	3935.665423		
382.126266	3935.665423		
394.754445	3935.665423		
409.801487	3935.665423		
422.701198	3935.665423		
437.423691	3935.665423		
449.127182	3935.665423		
464.991783	3935.665423		
477.238615	3935.665423		
47.182193	3949.583982		
60.162431	3949.583982		
75.647684	3949.583982		
88.143203	3949.583982		
104.040612	3949.583982		
116.530579	3949.583982		
131.850176	3949.583982		
144.736725	3949.583982		
160.035485	3949.583982		
172.657138	3949.583982		
188.132484	3949.583982		
200.685372	3949.583982		
215.942033	3949.583982		
228.298974	3949.583982		
243.730410	3949.583982		
256.491293	3949.583982		
271.524458	3949.583982		
284.334662	3949.583982		
299.336784	3949.583982		
311.811754	3949.583982		
327.084953	3949.583982		
339.600803	3949.583982		
354.433479	3949.583982		
367.238386	3949.583982		
382.126266	3949.583982		
394.754445	3949.583982		
409.801487	3949.583982		
422.701198	3949.583982		
437.423691	3949.583982		
449.127182	3949.583982		
464.991783	3949.583982		
477.238615	3949.583982		
47.182193	3963.475364		
60.162431	3963.475364		
75.647684	3963.475364		
88.143203	3963.475364		
104.040612	3963.475364		
116.530579	3963.475364		
131.850176	3963.475364		
144.736725	3963.475364		
160.035485	3963.475364		
172.657138	3963.475364		
188.132484	3963.475364		
200.685372	3963.475364		
215.942033	3963.475364		
228.298974	3963.475364		
243.730410	3963.475364		
256.491293	3963.475364		
271.524458	3963.475364		
284.334662	3963.475364		
299.336784	3963.475364		
311.811754	3963.475364		
327.084953	3963.475364		
339.600803	3963.475364		
354.433479	3963.475364		
367.238386	3963.475364		
382.126266	3963.475364		
394.754445	3963.475364		
409.801487	3963.475364		
422.701198	3963.475364		
437.423691	3963.475364		
449.127182	3963.475364		
464.991783	3963.475364		
477.238615	3963.475364		
47.182193	3977.479808		
60.162431	3977.479808		
75.647684	3977.479808		
88.143203	3977.479808		
104.040612	3977.479808		
116.530579	3977.479808		
131.850176	3977.479808		
144.736725	3977.479808		
160.035485	3977.479808		
172.657138	3977.479808		
188.132484	3977.479808		
200.685372	3977.479808		
215.942033	3977.479808		
228.298974	3977.479808		
243.730410	3977.479808		
256.491293	3977.479808		
271.524458	3977.479808		
284.334662	3977.479808		
299.336784	3977.479808		
311.811754	3977.479808		
327.084953	3977.479808		
339.600803	3977.479808		
354.433479	3977.479808		
367.238386	3977.479808		
382.126266	3977.479808		
394.754445	3977.479808		
409.801487	3977.479808		
422.701198	3977.479808		
437.423691	3977.479808		
449.127182	3977.479808		
464.991783	3977.479808		
477.238615	3977.479808		
47.182193	3991.220971		
60.162431	3991.220971		
75.647684	3991.220971		
88.143203	3991.220971		
104.040612	3991.220971		
116.530579	3991.220971		
131.850176	3991.220971		
144.736725	3991.220971		
160.035485	3991.220971		
172.657138	3991.220971		
188.132484	3991.220971		
200.685372	3991.220971		
215.942033	3991.220971		
228.298974	3991.220971		
243.730410	3991.220971		
256.491293	3991.220971		
271.524458	3991.220971		
284.334662	3991.220971		
299.336784	3991.220971		
311.811754	3991.220971		
327.084953	3991.220971		
339.600803	3991.220971		
354.433479	3991.220971		
367.238386	3991.220971		
382.126266	3991.220971		
394.754445	3991.220971		
409.801487	3991.220971		
422.701198	3991.220971		
437.423691	3991.220971		
449.127182	3991.220971		
464.991783	3991.220971		
477.238615	3991.220971		
47.182193	4005.248606		
60.162431	4005.248606		
75.647684	4005.248606		
88.143203	4005.248606		
104.040612	4005.248606		
116.530579	4005.248606		
131.850176	4005.248606		
144.736725	4005.248606		
160.035485	4005.248606		
172.657138	4005.248606		
188.132484	4005.248606		
200.685372	4005.248606		
215.942033	4005.248606		
228.298974	4005.248606		
243.730410	4005.248606		
256.491293	4005.248606		
271.524458	4005.248606		
284.334662	4005.248606		
299.336784	4005.248606		
311.811754	4005.248606		
327.084953	4005.248606		
339.600803	4005.248606		
354.433479	4005.248606		
367.238386	4005.248606		
382.126266	4005.248606		
394.754445	4005.248606		
409.801487	4005.248606		
422.701198	4005.248606		
437.423691	4005.248606		
449.127182	4005.248606		
464.991783	4005.248606		
477.238615	4005.248606		
47.182193	4019.319106		
60.162431	4019.319106		
75.647684	4019.319106		
88.143203	4019.319106		
104.040612	4019.319106		
116.530579	4019.319106		
131.850176	4019.319106		
144.736725	4019.319106		
160.035485	4019.319106		
172.657138	4019.319106		
188.132484	4019.319106		
200.685372	4019.319106		
215.942033	4019.319106		
228.298974	4019.319106		
243.730410	4019.319106		
256.491293	4019.319106		
271.524458	4019.319106		
284.334662	4019.319106		
299.336784	4019.319106		
311.811754	4019.319106		
327.084953	4019.319106		
339.600803	4019.319106		
354.433479	4019.319106		
367.238386	4019.319106		
382.126266	4019.319106		
394.754445	4019.319106		
409.801487	4019.319106		
422.701198	4019.319106		
437.423691	4019.319106		
449.127182	4019.319106		
464.991783	4019.319106		
477.238615	4019.319106		
47.182193	4033.124364		
60.162431	4033.124364		
75.647684	4033.124364		
88.143203	4033.124364		
104.040612	4033.124364		
116.530579	4033.124364		
131.850176	4033.124364		
144.736725	4033.124364		
160.035485	4033.124364		
172.657138	4033.124364		
188.132484	4033.124364		
200.685372	4033.124364		
215.942033	4033.124364		
228.298974	4033.124364		
243.730410	4033.124364		
256.491293	4033.124364		
271.524458	4033.124364		
284.334662	4033.124364		
299.336784	4033.124364		
311.811754	4033.124364		
327.084953	4033.124364		
339.600803	4033.124364		
354.433479	4033.124364		
367.238386	4033.124364		
382.126266	4033.124364		
394.754445	4033.124364		
409.801487	4033.124364		
422.701198	4033.124364		
437.423691	4033.124364		
449.127182	4033.124364		
464.991783	4033.124364		
477.238615	4033.124364		
47.182193	4047.129770		
60.162431	4047.129770		
75.647684	4047.129770		
88.143203	4047.129770		
104.040612	4047.129770		
116.530579	4047.129770		
131.850176	4047.129770		
144.736725	4047.129770		
160.035485	4047.129770		
172.657138	4047.129770		
188.132484	4047.129770		
200.685372	4047.129770		
215.942033	4047.129770		
228.298974	4047.129770		
243.730410	4047.129770		
256.491293	4047.129770		
271.524458	4047.129770		
284.334662	4047.129770		
299.336784	4047.129770		
311.811754	4047.129770		
327.084953	4047.129770		
339.600803	4047.129770		
354.433479	4047.129770		
367.238386	4047.129770		
382.126266	4047.129770		
394.754445	4047.129770		
409.801487	4047.129770		
422.701198	4047.129770		
437.423691	4047.129770		
449.127182	4047.129770		
464.991783	4047.129770		
477.238615	4047.129770		
